0.666667 0.333333 0.000000 -0.000000
0.666667 0.333333 0.000000 0.000000
0.666667 0.333333 0.000000 0.000000
0.666667 0.333333 0.000000 0.000000
0.666667 0.333333 0.000000 0.000000
0.666667 0.333333 0.000000 0.000000
0.666667 0.333333 0.000000 0.000000
0.666667 0.333333 0.000000 0.000000
0.666667 0.333333 0.000000 0.000000
0.666667 0.333333 0.000000 0.000000
0.666667 0.333333 0.000000 0.000000
0.666667 0.333333 0.000000 0.000000
0.666667 0.333333 0.000000 0.000000
0.666667 0.333333 0.000000 0.000000
0.666667 0.333333 0.000000 0.000000
0.666667 0.333333 0.000000 0.000000
0.666667 0.333333 0.000000 0.000000
0.666667 0.333333 0.000000 0.000000
0.666667 0.333333 0.000000 0.000000
0.666667 0.333333 0.000000 0.000000
0.666667 0.333333 0.000000 0.000000
0.666667 0.333333 0.000000 0.000000
0.666667 0.333333 0.000000 0.000000
0.666667 0.333333 0.000000 0.000000
0.666667 0.333333 0.000000 0.000000
0.666667 0.333333 0.000000 0.000000
0.666667 0.333333 0.000000 0.000000
0.666667 0.333333 0.000000 0.000000
0.666667 0.333333 0.000000 0.000000
0.666667 0.333333 0.000000 0.000000
0.666667 0.333333 0.000000 0.000000
0.666667 0.333333 0.000000 0.000000
0.666667 0.333333 0.000000 0.000000
0.666667 0.333333 0.000000 0.000000
0.666667 0.333333 0.000000 0.000000
0.666667 0.333333 0.000000 0.000000
0.666667 0.333333 0.000000 0.000000
0.666667 0.333333 0.000000 0.000000
0.666667 0.333333 0.000000 0.000000
0.666667 0.333333 0.000000 0.000000
0.666667 0.333333 0.000000 0.000000
0.666667 0.333333 0.000000 0.000000
0.666667 0.333333 0.000000 0.000000
0.666667 0.333333 0.000000 0.000000
0.666667 0.333333 0.000000 0.000000
0.666667 0.333333 0.000000 0.000000
0.666667 0.333333 0.000000 0.000000
0.666667 0.333333 0.000000 0.000000
0.666667 0.333333 0.000000 0.000000
0.666667 0.333333 0.000000 0.000000
0.666667 0.333333 0.000000 0.000000
0.666667 0.333333 0.000000 0.000000
0.666667 0.333333 0.000000 0.000000
0.666667 0.333333 0.000000 0.000000
0.666667 0.333333 0.000000 0.000000
0.666667 0.333333 0.000000 0.000000
0.666667 0.333333 0.000000 0.000000
0.666667 0.333333 0.000000 0.000000
0.666667 0.333333 0.000000 0.000000
0.666667 0.333333 0.000000 0.000000
0.666667 0.333333 0.000000 0.000000
0.666667 0.333333 0.000000 0.000000
0.666667 0.333333 0.000000 0.000000
0.666667 0.333333 0.000000 0.000000
0.666667 0.333333 0.000000 0.000000
0.666667 0.333333 0.000000 0.000000
0.666667 0.333333 0.000000 0.000000
0.666667 0.333333 0.000000 0.000000
0.666667 0.333333 0.000000 0.000000
0.666667 0.333333 0.000000 0.000000
0.666667 0.333333 0.000000 0.000000
0.666667 0.333333 0.000000 0.000000
0.666667 0.333333 0.000000 0.000000
0.666667 0.333333 0.000000 0.000000
0.666667 0.333333 0.000000 0.000000
0.666667 0.333333 0.000000 0.000000
0.666667 0.333333 0.000000 0.000000
0.666667 0.333333 0.000000 0.000000
0.666667 0.333333 0.000000 0.000000
0.666667 0.333333 0.000000 0.000000
0.666667 0.333333 0.000000 0.000000
0.666667 0.333333 0.000000 0.000000
0.666667 0.333333 0.000000 0.000000
0.666667 0.333333 0.000000 0.000000
0.666667 0.333333 0.000000 0.000000
0.666667 0.333333 0.000000 0.000000
0.666667 0.333333 0.000000 0.000000
0.666667 0.333333 0.000000 0.000000
0.666667 0.333333 0.000000 0.000000
0.666667 0.333333 0.000000 0.000000
0.666667 0.333333 0.000000 0.000000
0.666667 0.333333 0.000000 0.000000
0.666667 0.333333 0.000000 0.000000
0.666667 0.333333 0.000000 0.000000
0.666667 0.333333 0.000000 0.000000
0.666667 0.333333 0.000000 0.000000
0.666667 0.333333 0.000000 0.000000
0.666667 0.333333 0.000000 0.000000
0.666667 0.333333 0.000000 0.000000
0.666667 0.333333 0.000000 0.000000
0.666667 0.333333 0.000000 0.000000
0.666667 0.333333 0.000000 0.000000
0.666667 0.333333 0.000000 0.000000
0.666667 0.333333 0.000000 0.000000
0.666667 0.333333 0.000000 0.000000
0.666667 0.333333 0.000000 0.000000
0.666667 0.333333 0.000000 0.000000
0.666667 0.333333 0.000000 0.000000
0.666667 0.333333 0.000000 0.000000
0.666667 0.333333 0.000000 0.000000
0.666667 0.333333 0.000000 0.000000
0.666667 0.333333 0.000000 0.000000
0.666667 0.333333 0.000000 0.000000
0.666667 0.333333 0.000000 0.000000
0.666667 0.333333 0.000000 0.000000
0.666667 0.333333 0.000000 0.000000
0.666667 0.333333 0.000000 0.000000
0.666667 0.333333 0.000000 0.000000
0.666667 0.333333 0.000000 0.000000
0.666667 0.333333 0.000000 0.000000
0.666667 0.333333 0.000000 0.000000
0.666667 0.333333 0.000000 0.000000
0.646078 0.323039 0.000000 0.000000
0.625490 0.312745 0.000000 0.000000
0.604902 0.302451 0.000000 0.000000
0.584314 0.292157 0.000000 0.000000
0.563726 0.281863 0.000000 0.000000
0.543137 0.271569 0.000000 0.000000
0.522549 0.261275 0.000000 0.000000
0.501961 0.250980 0.000000 0.000000
0.481373 0.240686 0.000000 0.000000
0.460784 0.230392 0.000000 0.000000
0.440196 0.220098 0.000000 0.000000
0.419608 0.209804 0.000000 0.000000
0.399020 0.199510 0.000000 0.000000
0.378431 0.189216 0.000000 0.000000
0.357843 0.178922 0.000000 0.000000
0.337255 0.168627 0.000000 0.000000
0.338451 0.169226 0.000000 0.008080
0.339648 0.169824 0.000000 0.016160
0.340844 0.170422 0.000000 0.024240
0.342041 0.171020 0.000000 0.032319
0.343237 0.171618 0.000000 0.040399
0.344433 0.172217 0.000000 0.048479
0.345630 0.172815 0.000000 0.056559
0.346826 0.173413 0.000000 0.064639
0.348023 0.174011 0.000000 0.072719
0.349219 0.174610 0.000000 0.080799
0.350415 0.175208 0.000000 0.088879
0.351612 0.175806 0.000000 0.096958
0.352808 0.176404 0.000000 0.105038
0.354005 0.177002 0.000000 0.113118
0.355201 0.177601 0.000000 0.121198
0.356397 0.178199 0.000000 0.129278
0.357594 0.178797 0.000000 0.137358
0.358790 0.179395 0.000000 0.145438
0.359987 0.179993 0.000000 0.153518
0.361183 0.180592 0.000000 0.161597
0.362380 0.181190 0.000000 0.169677
0.363576 0.181788 0.000000 0.177757
0.364772 0.182386 0.000000 0.185837
0.365969 0.182984 0.000000 0.193917
0.367165 0.183583 0.000000 0.201997
0.368362 0.184181 0.000000 0.210077
0.369558 0.184779 0.000000 0.218156
0.370754 0.185377 0.000000 0.226236
0.371951 0.185975 0.000000 0.234316
0.373147 0.186574 0.000000 0.242396
0.374344 0.187172 0.000000 0.250476
0.375540 0.187770 0.000000 0.258556
0.376736 0.188368 0.000000 0.266636
0.377933 0.188966 0.000000 0.274716
0.379129 0.189565 0.000000 0.282795
0.380326 0.190163 0.000000 0.290875
0.381522 0.190761 0.000000 0.298955
0.382719 0.191359 0.000000 0.307035
0.383915 0.191957 0.000000 0.315115
0.385111 0.192556 0.000000 0.323195
0.386308 0.193154 0.000000 0.331275
0.387504 0.193752 0.000000 0.339355
0.388701 0.194350 0.000000 0.347434
0.389897 0.194948 0.000000 0.355514
0.391093 0.195547 0.000000 0.363594
0.392290 0.196145 0.000000 0.371674
0.393486 0.196743 0.000000 0.379754
0.394683 0.197341 0.000000 0.387834
0.395879 0.197940 0.000000 0.395914
0.397075 0.198538 0.000000 0.403993
0.398272 0.199136 0.000000 0.412073
0.399468 0.199734 0.000000 0.420153
0.400665 0.200332 0.000000 0.428233
0.401861 0.200931 0.000000 0.436313
0.403058 0.201529 0.000000 0.444393
0.404254 0.202127 0.000000 0.452473
0.405450 0.202725 0.000000 0.460553
0.406647 0.203323 0.000000 0.468632
0.407843 0.203922 0.000000 0.476712
0.409040 0.204520 0.000000 0.484792
0.410236 0.205118 0.000000 0.492872
0.411432 0.205716 0.000000 0.500952
0.412629 0.206314 0.000000 0.509032
0.413825 0.206913 0.000000 0.517112
0.415022 0.207511 0.000000 0.525192
0.416218 0.208109 0.000000 0.533271
0.417414 0.208707 0.000000 0.541351
0.418611 0.209305 0.000000 0.549431
0.419807 0.209904 0.000000 0.557511
0.421004 0.210502 0.000000 0.565591
0.422200 0.211100 0.000000 0.573671
0.423396 0.211698 0.000000 0.581751
0.424593 0.212296 0.000000 0.589830
0.425789 0.212895 0.000000 0.597910
0.426986 0.213493 0.000000 0.605990
0.428182 0.214091 0.000000 0.614070
0.429379 0.214689 0.000000 0.622150
0.430575 0.215287 0.000000 0.630230
0.431771 0.215886 0.000000 0.638310
0.432968 0.216484 0.000000 0.646390
0.434164 0.217082 0.000000 0.654469
0.435361 0.217680 0.000000 0.662549
0.436557 0.218278 0.000000 0.670629
0.437753 0.218877 0.000000 0.678709
0.438950 0.219475 0.000000 0.686789
0.440146 0.220073 0.000000 0.694869
0.441343 0.220671 0.000000 0.702949
0.442539 0.221270 0.000000 0.711029
0.443735 0.221868 0.000000 0.719108
0.444932 0.222466 0.000000 0.727188
0.446128 0.223064 0.000000 0.735268
0.447325 0.223662 0.000000 0.743348
0.448521 0.224261 0.000000 0.751428
0.449718 0.224859 0.000000 0.759508
0.450914 0.225457 0.000000 0.767588
0.452110 0.226055 0.000000 0.775667
0.453307 0.226653 0.000000 0.783747
0.454503 0.227252 0.000000 0.791827
0.455700 0.227850 0.000000 0.799907
0.456896 0.228448 0.000000 0.807987
0.458092 0.229046 0.000000 0.816067
0.459289 0.229644 0.000000 0.824147
0.460485 0.230243 0.000000 0.832227
0.461682 0.230841 0.000000 0.840306
0.462878 0.231439 0.000000 0.848386
0.464074 0.232037 0.000000 0.856466
0.465271 0.232635 0.000000 0.864546
0.466467 0.233234 0.000000 0.872626
0.467664 0.233832 0.000000 0.880706
0.468860 0.234430 0.000000 0.888786
0.470057 0.235028 0.000000 0.896866
0.471253 0.235626 0.000000 0.904945
0.472449 0.236225 0.000000 0.913025
0.473646 0.236823 0.000000 0.921105
0.474842 0.237421 0.000000 0.929185
0.476039 0.238019 0.000000 0.937265
0.477235 0.238617 0.000000 0.945345
0.478431 0.239216 0.000000 0.953425
