0.000000 0.000000 0.000000 0.073684
0.000288 0.000288 0.000288 0.073400
0.000573 0.000573 0.000573 0.073117
0.000857 0.000857 0.000857 0.072833
0.001138 0.001138 0.001138 0.072549
0.001417 0.001417 0.001417 0.072266
0.001694 0.001694 0.001694 0.071982
0.001968 0.001968 0.001968 0.071699
0.002240 0.002240 0.002240 0.071415
0.002511 0.002511 0.002511 0.071131
0.002778 0.002778 0.002778 0.070848
0.003044 0.003044 0.003044 0.070564
0.003307 0.003307 0.003307 0.070281
0.003568 0.003568 0.003568 0.069997
0.003827 0.003827 0.003827 0.069713
0.004084 0.004084 0.004084 0.069430
0.004339 0.004339 0.004339 0.069146
0.004591 0.004591 0.004591 0.068863
0.004841 0.004841 0.004841 0.068579
0.005089 0.005089 0.005089 0.068295
0.005334 0.005334 0.005334 0.068012
0.005578 0.005578 0.005578 0.067728
0.005819 0.005819 0.005819 0.067445
0.006058 0.006058 0.006058 0.067161
0.006294 0.006294 0.006294 0.066877
0.006529 0.006529 0.006529 0.066594
0.006761 0.006761 0.006761 0.066310
0.006991 0.006991 0.006991 0.066027
0.007219 0.007219 0.007219 0.065743
0.007444 0.007444 0.007444 0.065459
0.007668 0.007668 0.007668 0.065176
0.007889 0.007889 0.007889 0.064892
0.008108 0.008108 0.008108 0.064609
0.008324 0.008324 0.008324 0.064325
0.008539 0.008539 0.008539 0.064041
0.008751 0.008751 0.008751 0.063758
0.008961 0.008961 0.008961 0.063474
0.009169 0.009169 0.009169 0.063190
0.009374 0.009374 0.009374 0.062907
0.009578 0.009578 0.009578 0.062623
0.009779 0.009779 0.009779 0.062340
0.009978 0.009978 0.009978 0.062056
0.010174 0.010174 0.010174 0.061772
0.010369 0.010369 0.010369 0.061489
0.010561 0.010561 0.010561 0.061205
0.010751 0.010751 0.010751 0.060922
0.010939 0.010939 0.010939 0.060638
0.011124 0.011124 0.011124 0.060354
0.011307 0.011307 0.011307 0.060071
0.011489 0.011489 0.011489 0.059787
0.011667 0.011667 0.011667 0.059504
0.011844 0.011844 0.011844 0.059220
0.012018 0.012018 0.012018 0.058936
0.012191 0.012191 0.012191 0.058653
0.012361 0.012361 0.012361 0.058369
0.012528 0.012528 0.012528 0.058086
0.012694 0.012694 0.012694 0.057802
0.012857 0.012857 0.012857 0.057518
0.013018 0.013018 0.013018 0.057235
0.013177 0.013177 0.013177 0.056951
0.013334 0.013334 0.013334 0.056668
0.013488 0.013488 0.013488 0.056384
0.013640 0.013640 0.013640 0.056100
0.013790 0.013790 0.013790 0.055817
0.013938 0.013938 0.013938 0.055533
0.014083 0.014083 0.014083 0.055250
0.014226 0.014226 0.014226 0.054966
0.014368 0.014368 0.014368 0.054682
0.014506 0.014506 0.014506 0.054399
0.014643 0.014643 0.014643 0.054115
0.014777 0.014777 0.014777 0.053832
0.014909 0.014909 0.014909 0.053548
0.015039 0.015039 0.015039 0.053264
0.015167 0.015167 0.015167 0.052981
0.015293 0.015293 0.015293 0.052697
0.015416 0.015416 0.015416 0.052414
0.015537 0.015537 0.015537 0.052130
0.015656 0.015656 0.015656 0.051846
0.015772 0.015772 0.015772 0.051563
0.015886 0.015886 0.015886 0.051279
0.015999 0.015999 0.015999 0.050996
0.016109 0.016109 0.016109 0.050712
0.016216 0.016216 0.016216 0.050428
0.016322 0.016322 0.016322 0.050145
0.016425 0.016425 0.016425 0.049861
0.016526 0.016526 0.016526 0.049578
0.016625 0.016625 0.016625 0.049294
0.016721 0.016721 0.016721 0.049010
0.016816 0.016816 0.016816 0.048727
0.016908 0.016908 0.016908 0.048443
0.016997 0.016997 0.016997 0.048160
0.017085 0.017085 0.017085 0.047876
0.017171 0.017171 0.017171 0.047592
0.017254 0.017254 0.017254 0.047309
0.017335 0.017335 0.017335 0.047025
0.017414 0.017414 0.017414 0.046742
0.017490 0.017490 0.017490 0.046458
0.017564 0.017564 0.017564 0.046174
0.017636 0.017636 0.017636 0.045891
0.017706 0.017706 0.017706 0.045607
0.017774 0.017774 0.017774 0.045323
0.017839 0.017839 0.017839 0.045040
0.017903 0.017903 0.017903 0.044756
0.017963 0.017963 0.017963 0.044473
0.018022 0.018022 0.018022 0.044189
0.018079 0.018079 0.018079 0.043905
0.018133 0.018133 0.018133 0.043622
0.018185 0.018185 0.018185 0.043338
0.018235 0.018235 0.018235 0.043055
0.018283 0.018283 0.018283 0.042771
0.018328 0.018328 0.018328 0.042487
0.018371 0.018371 0.018371 0.042204
0.018412 0.018412 0.018412 0.041920
0.018451 0.018451 0.018451 0.041637
0.018487 0.018487 0.018487 0.041353
0.018522 0.018522 0.018522 0.041069
0.018554 0.018554 0.018554 0.040786
0.018583 0.018583 0.018583 0.040502
0.018611 0.018611 0.018611 0.040219
0.018636 0.018636 0.018636 0.039935
0.018659 0.018659 0.018659 0.039651
0.018680 0.018680 0.018680 0.039368
0.018699 0.018699 0.018699 0.039084
0.018716 0.018716 0.018716 0.038801
0.018730 0.018730 0.018730 0.038517
0.018742 0.018742 0.018742 0.038233
0.018752 0.018752 0.018752 0.037950
0.018759 0.018759 0.018759 0.037666
0.018765 0.018765 0.018765 0.037383
0.018768 0.018768 0.018768 0.037099
0.018769 0.018769 0.018769 0.036815
0.018767 0.018767 0.018767 0.036532
0.018764 0.018764 0.018764 0.036248
0.018758 0.018758 0.018758 0.035965
0.018750 0.018750 0.018750 0.035681
0.018740 0.018740 0.018740 0.035397
0.018727 0.018727 0.018727 0.035114
0.018713 0.018713 0.018713 0.034830
0.018696 0.018696 0.018696 0.034547
0.018677 0.018677 0.018677 0.034263
0.018655 0.018655 0.018655 0.033979
0.018632 0.018632 0.018632 0.033696
0.018606 0.018606 0.018606 0.033412
0.018578 0.018578 0.018578 0.033129
0.018548 0.018548 0.018548 0.032845
0.018515 0.018515 0.018515 0.032561
0.018481 0.018481 0.018481 0.032278
0.018444 0.018444 0.018444 0.031994
0.018405 0.018405 0.018405 0.031711
0.018363 0.018363 0.018363 0.031427
0.018320 0.018320 0.018320 0.031143
0.018274 0.018274 0.018274 0.030860
0.018226 0.018226 0.018226 0.030576
0.018176 0.018176 0.018176 0.030293
0.018123 0.018123 0.018123 0.030009
0.018068 0.018068 0.018068 0.029725
0.018011 0.018011 0.018011 0.029442
0.017952 0.017952 0.017952 0.029158
0.017891 0.017891 0.017891 0.028875
0.017827 0.017827 0.017827 0.028591
0.017761 0.017761 0.017761 0.028307
0.017693 0.017693 0.017693 0.028024
0.017623 0.017623 0.017623 0.027740
0.017551 0.017551 0.017551 0.027456
0.017476 0.017476 0.017476 0.027173
0.017399 0.017399 0.017399 0.026889
0.017320 0.017320 0.017320 0.026606
0.017238 0.017238 0.017238 0.026322
0.017155 0.017155 0.017155 0.026038
0.017069 0.017069 0.017069 0.025755
0.016981 0.016981 0.016981 0.025471
0.016891 0.016891 0.016891 0.025188
0.016798 0.016798 0.016798 0.024904
0.016703 0.016703 0.016703 0.024620
0.016606 0.016606 0.016606 0.024337
0.016507 0.016507 0.016507 0.024053
0.016406 0.016406 0.016406 0.023770
0.016302 0.016302 0.016302 0.023486
0.016196 0.016196 0.016196 0.023202
0.016088 0.016088 0.016088 0.022919
0.015978 0.015978 0.015978 0.022635
0.015865 0.015865 0.015865 0.022352
0.015751 0.015751 0.015751 0.022068
0.015634 0.015634 0.015634 0.021784
0.015514 0.015514 0.015514 0.021501
0.015393 0.015393 0.015393 0.021217
0.015269 0.015269 0.015269 0.020934
0.015143 0.015143 0.015143 0.020650
0.015015 0.015015 0.015015 0.020366
0.014885 0.014885 0.014885 0.020083
0.014752 0.014752 0.014752 0.019799
0.014618 0.014618 0.014618 0.019516
0.014481 0.014481 0.014481 0.019232
0.014341 0.014341 0.014341 0.018948
0.014200 0.014200 0.014200 0.018665
0.014056 0.014056 0.014056 0.018381
0.013910 0.013910 0.013910 0.018098
0.013762 0.013762 0.013762 0.017814
0.013612 0.013612 0.013612 0.017530
0.013459 0.013459 0.013459 0.017247
0.013304 0.013304 0.013304 0.016963
0.013147 0.013147 0.013147 0.016680
0.012988 0.012988 0.012988 0.016396
0.012827 0.012827 0.012827 0.016112
0.012663 0.012663 0.012663 0.015829
0.012497 0.012497 0.012497 0.015545
0.012329 0.012329 0.012329 0.015262
0.012159 0.012159 0.012159 0.014978
0.011986 0.011986 0.011986 0.014694
0.011811 0.011811 0.011811 0.014411
0.011634 0.011634 0.011634 0.014127
0.011455 0.011455 0.011455 0.013844
0.011273 0.011273 0.011273 0.013560
0.011090 0.011090 0.011090 0.013276
0.010904 0.010904 0.010904 0.012993
0.010716 0.010716 0.010716 0.012709
0.010525 0.010525 0.010525 0.012426
0.010333 0.010333 0.010333 0.012142
0.010138 0.010138 0.010138 0.011858
0.009941 0.009941 0.009941 0.011575
0.009741 0.009741 0.009741 0.011291
0.009540 0.009540 0.009540 0.011008
0.009336 0.009336 0.009336 0.010724
0.009130 0.009130 0.009130 0.010440
0.008922 0.008922 0.008922 0.010157
0.008712 0.008712 0.008712 0.009873
0.008499 0.008499 0.008499 0.009589
0.008284 0.008284 0.008284 0.009306
0.008067 0.008067 0.008067 0.009022
0.007848 0.007848 0.007848 0.008739
0.007626 0.007626 0.007626 0.008455
0.007402 0.007402 0.007402 0.008171
0.007176 0.007176 0.007176 0.007888
0.006948 0.006948 0.006948 0.007604
0.006718 0.006718 0.006718 0.007321
0.006485 0.006485 0.006485 0.007037
0.006250 0.006250 0.006250 0.006753
0.006013 0.006013 0.006013 0.006470
0.005774 0.005774 0.005774 0.006186
0.005532 0.005532 0.005532 0.005903
0.005289 0.005289 0.005289 0.005619
0.005043 0.005043 0.005043 0.005335
0.004794 0.004794 0.004794 0.005052
0.004544 0.004544 0.004544 0.004768
0.004291 0.004291 0.004291 0.004485
0.004036 0.004036 0.004036 0.004201
0.003779 0.003779 0.003779 0.003917
0.003520 0.003520 0.003520 0.003634
0.003258 0.003258 0.003258 0.003350
0.002994 0.002994 0.002994 0.003067
0.002728 0.002728 0.002728 0.002783
0.002460 0.002460 0.002460 0.002499
0.002190 0.002190 0.002190 0.002216
0.001917 0.001917 0.001917 0.001932
0.001642 0.001642 0.001642 0.001649
0.001365 0.001365 0.001365 0.001365
