0.666667 0.000000 0.498039 0.001353
0.666667 0.000000 0.498039 0.001359
0.666667 0.000000 0.498039 0.001365
0.666667 0.000000 0.498039 0.001371
0.666667 0.000000 0.498039 0.001377
0.666667 0.000000 0.498039 0.001382
0.666667 0.000000 0.498039 0.001388
0.666667 0.000000 0.498039 0.001394
0.666667 0.000000 0.498039 0.001400
0.666667 0.000000 0.498039 0.001406
0.666667 0.000000 0.498039 0.001412
0.666667 0.000000 0.498039 0.001418
0.666667 0.000000 0.498039 0.001424
0.666667 0.000000 0.498039 0.001430
0.666667 0.000000 0.498039 0.001436
0.666667 0.000000 0.498039 0.001442
0.666667 0.000000 0.498039 0.001447
0.666667 0.000000 0.498039 0.001453
0.666667 0.000000 0.498039 0.001459
0.666667 0.000000 0.498039 0.001465
0.666667 0.000000 0.498039 0.001471
0.666667 0.000000 0.498039 0.001477
0.666667 0.000000 0.498039 0.001483
0.666667 0.000000 0.498039 0.001489
0.666667 0.000000 0.498039 0.001495
0.666667 0.000000 0.498039 0.001501
0.666667 0.000000 0.498039 0.001507
0.666667 0.000000 0.498039 0.001512
0.666667 0.000000 0.498039 0.001518
0.666667 0.000000 0.498039 0.001524
0.666667 0.000000 0.498039 0.001530
0.666667 0.000000 0.498039 0.001536
0.666667 0.000000 0.498039 0.001542
0.666667 0.000000 0.498039 0.001548
0.666667 0.000000 0.498039 0.001554
0.666667 0.000000 0.498039 0.001560
0.666667 0.000000 0.498039 0.001566
0.666667 0.000000 0.498039 0.001572
0.666667 0.000000 0.498039 0.001577
0.666667 0.000000 0.498039 0.001583
0.666667 0.000000 0.498039 0.001589
0.666667 0.000000 0.498039 0.001595
0.666667 0.000000 0.498039 0.001601
0.666667 0.000000 0.498039 0.001607
0.666667 0.000000 0.498039 0.001613
0.666667 0.000000 0.498039 0.001619
0.666667 0.000000 0.498039 0.001625
0.666667 0.000000 0.498039 0.001631
0.666667 0.000000 0.498039 0.001637
0.666667 0.000000 0.498039 0.001642
0.666667 0.000000 0.498039 0.001648
0.666667 0.000000 0.498039 0.001654
0.666667 0.000000 0.498039 0.001660
0.666667 0.000000 0.498039 0.001666
0.666667 0.000000 0.498039 0.001672
0.666667 0.000000 0.498039 0.001678
0.666667 0.000000 0.498039 0.001684
0.666667 0.000000 0.498039 0.001690
0.666667 0.000000 0.498039 0.001696
0.666667 0.000000 0.498039 0.001701
0.666667 0.000000 0.498039 0.001707
0.666667 0.000000 0.498039 0.001713
0.666667 0.000000 0.498039 0.001719
0.666667 0.000000 0.498039 0.001725
0.666667 0.000000 0.498039 0.001731
0.666667 0.000000 0.498039 0.001737
0.666667 0.000000 0.498039 0.001743
0.666667 0.000000 0.498039 0.001749
0.666667 0.000000 0.498039 0.001755
0.666667 0.000000 0.498039 0.001761
0.666667 0.000000 0.498039 0.001766
0.666667 0.000000 0.498039 0.001772
0.666667 0.000000 0.498039 0.001778
0.666667 0.000000 0.498039 0.001784
0.666667 0.000000 0.498039 0.001790
0.666667 0.000000 0.498039 0.001796
0.666667 0.000000 0.498039 0.001802
0.666667 0.000000 0.498039 0.001808
0.666667 0.000000 0.498039 0.001814
0.666667 0.000000 0.498039 0.001820
0.666667 0.000000 0.498039 0.001826
0.666667 0.000000 0.498039 0.001831
0.666667 0.000000 0.498039 0.001837
0.666667 0.000000 0.498039 0.001843
0.666667 0.000000 0.498039 0.001849
0.666667 0.000000 0.498039 0.001855
0.666667 0.000000 0.498039 0.001861
0.666667 0.000000 0.498039 0.001867
0.666667 0.000000 0.498039 0.001873
0.666667 0.000000 0.498039 0.001879
0.666667 0.000000 0.498039 0.001885
0.666667 0.000000 0.498039 0.001891
0.666667 0.000000 0.498039 0.001896
0.666667 0.000000 0.498039 0.001902
0.666667 0.000000 0.498039 0.001908
0.666667 0.000000 0.498039 0.001914
0.666667 0.000000 0.498039 0.001920
0.666667 0.000000 0.498039 0.001926
0.668777 0.006329 0.501216 0.001922
0.670886 0.012658 0.504393 0.001919
0.672996 0.018987 0.507570 0.001915
0.675106 0.025316 0.510747 0.001912
0.677216 0.031646 0.513924 0.001908
0.679325 0.037975 0.517101 0.001905
0.681435 0.044304 0.520278 0.001901
0.683545 0.050633 0.523455 0.001898
0.685654 0.056962 0.526632 0.001894
0.687764 0.063291 0.529809 0.001890
0.689874 0.069620 0.532986 0.001887
0.691983 0.075949 0.536163 0.001883
0.694093 0.082278 0.539340 0.001880
0.696203 0.088608 0.542517 0.001876
0.698313 0.094937 0.545694 0.001873
0.700422 0.101266 0.548871 0.001869
0.702532 0.107595 0.552047 0.001866
0.704642 0.113924 0.555224 0.001862
0.706751 0.120253 0.558401 0.001859
0.708861 0.126582 0.561578 0.001855
0.710971 0.132911 0.564755 0.001851
0.713080 0.139241 0.567932 0.001848
0.715190 0.145570 0.571109 0.001844
0.717300 0.151899 0.574286 0.001841
0.719410 0.158228 0.577463 0.001837
0.721519 0.164557 0.580640 0.001834
0.723629 0.170886 0.583817 0.001830
0.725739 0.177215 0.586994 0.001827
0.727848 0.183544 0.590171 0.001823
0.729958 0.189873 0.593348 0.001819
0.732068 0.196203 0.596525 0.001816
0.734177 0.202532 0.599702 0.001812
0.736287 0.208861 0.602879 0.001809
0.738397 0.215190 0.606056 0.001805
0.740507 0.221519 0.609233 0.001802
0.742616 0.227848 0.612410 0.001798
0.744726 0.234177 0.615587 0.001795
0.746836 0.240506 0.618764 0.001791
0.748945 0.246835 0.621941 0.001788
0.751055 0.253165 0.625118 0.001784
0.753165 0.259494 0.628295 0.001780
0.755274 0.265823 0.631472 0.001777
0.757384 0.272152 0.634649 0.001773
0.759494 0.278481 0.637826 0.001770
0.761604 0.284810 0.641003 0.001766
0.763713 0.291139 0.644180 0.001763
0.765823 0.297468 0.647357 0.001759
0.767933 0.303797 0.650533 0.001756
0.770042 0.310127 0.653710 0.001752
0.772152 0.316456 0.656887 0.001748
0.774262 0.322785 0.660064 0.001745
0.776372 0.329114 0.663241 0.001741
0.778481 0.335443 0.666418 0.001738
0.780591 0.341772 0.669595 0.001734
0.782701 0.348101 0.672772 0.001731
0.784810 0.354430 0.675949 0.001727
0.786920 0.360759 0.679126 0.001724
0.789030 0.367089 0.682303 0.001720
0.791139 0.373418 0.685480 0.001717
0.793249 0.379747 0.688657 0.001713
0.795359 0.386076 0.691834 0.001709
0.797469 0.392405 0.695011 0.001706
0.799578 0.398734 0.698188 0.001702
0.801688 0.405063 0.701365 0.001699
0.803798 0.411392 0.704542 0.001695
0.805907 0.417722 0.707719 0.001692
0.808017 0.424051 0.710896 0.001688
0.810127 0.430380 0.714073 0.001685
0.812236 0.436709 0.717250 0.001681
0.814346 0.443038 0.720427 0.001677
0.816456 0.449367 0.723604 0.001674
0.818566 0.455696 0.726781 0.001670
0.820675 0.462025 0.729958 0.001667
0.822785 0.468354 0.733135 0.001663
0.824895 0.474684 0.736312 0.001660
0.827004 0.481013 0.739489 0.001656
0.829114 0.487342 0.742666 0.001653
0.831224 0.493671 0.745843 0.001649
0.833333 0.500000 0.749020 0.001646
0.835443 0.506329 0.752196 0.001642
0.837553 0.512658 0.755373 0.001638
0.839663 0.518987 0.758550 0.001635
0.841772 0.525316 0.761727 0.001631
0.843882 0.531646 0.764904 0.001628
0.845992 0.537975 0.768081 0.001624
0.848101 0.544304 0.771258 0.001621
0.850211 0.550633 0.774435 0.001617
0.852321 0.556962 0.777612 0.001614
0.854431 0.563291 0.780789 0.001610
0.856540 0.569620 0.783966 0.001606
0.858650 0.575949 0.787143 0.001603
0.860760 0.582278 0.790320 0.001599
0.862869 0.588608 0.793497 0.001596
0.864979 0.594937 0.796674 0.001592
0.867089 0.601266 0.799851 0.001589
0.869198 0.607595 0.803028 0.001585
0.871308 0.613924 0.806205 0.001582
0.873418 0.620253 0.809382 0.001578
0.875528 0.626582 0.812559 0.001574
0.877637 0.632911 0.815736 0.001571
0.879747 0.639241 0.818913 0.001567
0.881857 0.645570 0.822090 0.001564
0.883966 0.651899 0.825267 0.001560
0.886076 0.658228 0.828444 0.001557
0.888186 0.664557 0.831621 0.001553
0.890296 0.670886 0.834798 0.001550
0.892405 0.677215 0.837975 0.001546
0.894515 0.683544 0.841152 0.001543
0.896625 0.689873 0.844329 0.001539
0.898734 0.696203 0.847506 0.001535
0.900844 0.702532 0.850682 0.001532
0.902954 0.708861 0.853859 0.001528
0.905063 0.715190 0.857036 0.001525
0.907173 0.721519 0.860213 0.001521
0.909283 0.727848 0.863390 0.001518
0.911393 0.734177 0.866567 0.001514
0.913502 0.740506 0.869744 0.001511
0.915612 0.746835 0.872921 0.001507
0.917722 0.753165 0.876098 0.001503
0.919831 0.759494 0.879275 0.001500
0.921941 0.765823 0.882452 0.001496
0.924051 0.772152 0.885629 0.001493
0.926160 0.778481 0.888806 0.001489
0.928270 0.784810 0.891983 0.001486
0.930380 0.791139 0.895160 0.001482
0.932490 0.797468 0.898337 0.001479
0.934599 0.803797 0.901514 0.001475
0.936709 0.810127 0.904691 0.001472
0.938819 0.816456 0.907868 0.001468
0.940928 0.822785 0.911045 0.001464
0.943038 0.829114 0.914222 0.001461
0.945148 0.835443 0.917399 0.001457
0.947257 0.841772 0.920576 0.001454
0.949367 0.848101 0.923753 0.001450
0.951477 0.854430 0.926930 0.001447
0.953587 0.860759 0.930107 0.001443
0.955696 0.867089 0.933284 0.001440
0.957806 0.873418 0.936461 0.001436
0.959916 0.879747 0.939638 0.001432
0.962025 0.886076 0.942815 0.001429
0.964135 0.892405 0.945992 0.001425
0.966245 0.898734 0.949169 0.001422
0.968354 0.905063 0.952345 0.001418
0.970464 0.911392 0.955522 0.001415
0.972574 0.917722 0.958699 0.001411
0.974684 0.924051 0.961876 0.001408
0.976793 0.930380 0.965053 0.001404
0.978903 0.936709 0.968230 0.001401
0.981013 0.943038 0.971407 0.001397
0.983122 0.949367 0.974584 0.001393
0.985232 0.955696 0.977761 0.001390
0.987342 0.962025 0.980938 0.001386
0.989452 0.968354 0.984115 0.001383
0.991561 0.974684 0.987292 0.001379
0.993671 0.981013 0.990469 0.001376
0.995781 0.987342 0.993646 0.001372
0.997890 0.993671 0.996823 0.001369
1.000000 1.000000 1.000000 0.001365
