0.666667 0.000000 0.000000 -0.000000
0.663195 0.000000 0.005208 0.000028
0.659723 0.000000 0.010417 0.000057
0.656250 0.000000 0.015625 0.000085
0.652778 0.000000 0.020833 0.000114
0.649306 0.000000 0.026042 0.000142
0.645834 0.000000 0.031250 0.000171
0.642361 0.000000 0.036458 0.000199
0.638889 0.000000 0.041667 0.000227
0.635417 0.000000 0.046875 0.000256
0.631945 0.000000 0.052083 0.000284
0.628472 0.000000 0.057292 0.000313
0.625000 0.000000 0.062500 0.000341
0.621528 0.000000 0.067708 0.000370
0.618056 0.000000 0.072917 0.000398
0.614584 0.000000 0.078125 0.000427
0.611111 0.000000 0.083333 0.000455
0.607639 0.000000 0.088542 0.000483
0.604167 0.000000 0.093750 0.000512
0.600695 0.000000 0.098958 0.000540
0.597222 0.000000 0.104167 0.000569
0.593750 0.000000 0.109375 0.000597
0.590278 0.000000 0.114583 0.000626
0.586806 0.000000 0.119792 0.000654
0.583333 0.000000 0.125000 0.000682
0.579861 0.000000 0.130208 0.000711
0.576389 0.000000 0.135417 0.000739
0.572917 0.000000 0.140625 0.000768
0.569445 0.000000 0.145833 0.000796
0.565972 0.000000 0.151042 0.000825
0.562500 0.000000 0.156250 0.000853
0.559028 0.000000 0.161458 0.000882
0.555556 0.000000 0.166667 0.000910
0.552083 0.000000 0.171875 0.000938
0.548611 0.000000 0.177083 0.000967
0.545139 0.000000 0.182292 0.000995
0.541667 0.000000 0.187500 0.001024
0.538195 0.000000 0.192708 0.001052
0.534722 0.000000 0.197917 0.001081
0.531250 0.000000 0.203125 0.001109
0.527778 0.000000 0.208333 0.001137
0.524306 0.000000 0.213542 0.001166
0.520833 0.000000 0.218750 0.001194
0.517361 0.000000 0.223958 0.001223
0.513889 0.000000 0.229167 0.001251
0.510417 0.000000 0.234375 0.001280
0.506944 0.000000 0.239583 0.001308
0.503472 0.000000 0.244792 0.001337
0.500000 0.000000 0.250000 0.001365
0.497863 0.000000 0.253205 0.001365
0.495727 0.000000 0.256410 0.001365
0.493590 0.000000 0.259615 0.001365
0.491453 0.000000 0.262821 0.001365
0.489316 0.000000 0.266026 0.001365
0.487180 0.000000 0.269231 0.001365
0.485043 0.000000 0.272436 0.001365
0.482906 0.000000 0.275641 0.001365
0.480769 0.000000 0.278846 0.001365
0.478633 0.000000 0.282051 0.001365
0.476496 0.000000 0.285256 0.001365
0.474359 0.000000 0.288462 0.001365
0.472222 0.000000 0.291667 0.001365
0.470086 0.000000 0.294872 0.001365
0.467949 0.000000 0.298077 0.001365
0.465812 0.000000 0.301282 0.001365
0.463675 0.000000 0.304487 0.001365
0.461539 0.000000 0.307692 0.001365
0.459402 0.000000 0.310897 0.001365
0.457265 0.000000 0.314103 0.001365
0.455128 0.000000 0.317308 0.001365
0.452992 0.000000 0.320513 0.001365
0.450855 0.000000 0.323718 0.001365
0.448718 0.000000 0.326923 0.001365
0.446581 0.000000 0.330128 0.001365
0.444445 0.000000 0.333333 0.001365
0.442308 0.000000 0.336538 0.001365
0.440171 0.000000 0.339744 0.001365
0.438034 0.000000 0.342949 0.001365
0.435898 0.000000 0.346154 0.001365
0.433761 0.000000 0.349359 0.001365
0.431624 0.000000 0.352564 0.001365
0.429487 0.000000 0.355769 0.001365
0.427351 0.000000 0.358974 0.001365
0.425214 0.000000 0.362179 0.001365
0.423077 0.000000 0.365385 0.001365
0.420941 0.000000 0.368590 0.001365
0.418804 0.000000 0.371795 0.001365
0.416667 0.000000 0.375000 0.001365
0.413793 0.000000 0.379310 0.001365
0.410920 0.000000 0.383621 0.001365
0.408046 0.000000 0.387931 0.001365
0.405173 0.000000 0.392241 0.001365
0.402299 0.000000 0.396552 0.001365
0.399426 0.000000 0.400862 0.001365
0.396552 0.000000 0.405172 0.001365
0.393678 0.000000 0.409483 0.001365
0.390805 0.000000 0.413793 0.001365
0.387931 0.000000 0.418103 0.001365
0.385058 0.000000 0.422414 0.001365
0.382184 0.000000 0.426724 0.001365
0.379310 0.000000 0.431034 0.001365
0.376437 0.000000 0.435345 0.001365
0.373563 0.000000 0.439655 0.001365
0.370690 0.000000 0.443966 0.001365
0.367816 0.000000 0.448276 0.001365
0.364942 0.000000 0.452586 0.001365
0.362069 0.000000 0.456897 0.001365
0.359195 0.000000 0.461207 0.001365
0.356322 0.000000 0.465517 0.001365
0.353448 0.000000 0.469828 0.001365
0.350574 0.000000 0.474138 0.001365
0.347701 0.000000 0.478448 0.001365
0.344827 0.000000 0.482759 0.001365
0.341954 0.000000 0.487069 0.001365
0.339080 0.000000 0.491379 0.001365
0.336207 0.000000 0.495690 0.001365
0.333333 0.000000 0.500000 0.001365
0.331417 0.000000 0.502874 0.001365
0.329502 0.000000 0.505747 0.001365
0.327586 0.000000 0.508621 0.001365
0.325670 0.000000 0.511494 0.001365
0.323754 0.000000 0.514368 0.001365
0.321839 0.000000 0.517241 0.001365
0.319923 0.000000 0.520115 0.001365
0.318007 0.000000 0.522988 0.001365
0.316092 0.000000 0.525862 0.001365
0.314176 0.000000 0.528736 0.001365
0.312260 0.000000 0.531609 0.001365
0.310345 0.000000 0.534483 0.001365
0.308429 0.000000 0.537356 0.001365
0.306513 0.000000 0.540230 0.001365
0.304597 0.000000 0.543103 0.001365
0.302682 0.000000 0.545977 0.001365
0.300766 0.000000 0.548851 0.001365
0.298850 0.000000 0.551724 0.001365
0.296935 0.000000 0.554598 0.001365
0.295019 0.000000 0.557471 0.001365
0.293103 0.000000 0.560345 0.001365
0.291188 0.000000 0.563218 0.001365
0.289272 0.000000 0.566092 0.001365
0.287356 0.000000 0.568965 0.001365
0.285440 0.000000 0.571839 0.001365
0.283525 0.000000 0.574713 0.001365
0.281609 0.000000 0.577586 0.001365
0.279693 0.000000 0.580460 0.001365
0.277778 0.000000 0.583333 0.001365
0.275862 0.000000 0.586207 0.001365
0.273946 0.000000 0.589080 0.001365
0.272031 0.000000 0.591954 0.001365
0.270115 0.000000 0.594828 0.001365
0.268199 0.000000 0.597701 0.001365
0.266283 0.000000 0.600575 0.001365
0.264368 0.000000 0.603448 0.001365
0.262452 0.000000 0.606322 0.001365
0.260536 0.000000 0.609195 0.001365
0.258621 0.000000 0.612069 0.001365
0.256705 0.000000 0.614943 0.001365
0.254789 0.000000 0.617816 0.001365
0.252874 0.000000 0.620690 0.001365
0.250958 0.000000 0.623563 0.001365
0.249042 0.000000 0.626437 0.001365
0.247126 0.000000 0.629310 0.001365
0.245211 0.000000 0.632184 0.001365
0.243295 0.000000 0.635057 0.001365
0.241379 0.000000 0.637931 0.001365
0.239464 0.000000 0.640805 0.001365
0.237548 0.000000 0.643678 0.001365
0.235632 0.000000 0.646552 0.001365
0.233717 0.000000 0.649425 0.001365
0.231801 0.000000 0.652299 0.001365
0.229885 0.000000 0.655172 0.001365
0.227969 0.000000 0.658046 0.001365
0.226054 0.000000 0.660920 0.001365
0.224138 0.000000 0.663793 0.001365
0.222222 0.000000 0.666667 0.001365
0.220307 0.000000 0.669540 0.001365
0.218391 0.000000 0.672414 0.001365
0.216475 0.000000 0.675287 0.001365
0.214560 0.000000 0.678161 0.001365
0.212644 0.000000 0.681034 0.001365
0.210728 0.000000 0.683908 0.001365
0.208812 0.000000 0.686782 0.001365
0.206897 0.000000 0.689655 0.001365
0.204981 0.000000 0.692529 0.001365
0.203065 0.000000 0.695402 0.001365
0.201150 0.000000 0.698276 0.001365
0.199234 0.000000 0.701149 0.001365
0.197318 0.000000 0.704023 0.001365
0.195403 0.000000 0.706897 0.001365
0.193487 0.000000 0.709770 0.001365
0.191571 0.000000 0.712644 0.001365
0.189655 0.000000 0.715517 0.001365
0.187740 0.000000 0.718391 0.001365
0.185824 0.000000 0.721264 0.001365
0.183908 0.000000 0.724138 0.001365
0.181993 0.000000 0.727012 0.001365
0.180077 0.000000 0.729885 0.001365
0.178161 0.000000 0.732759 0.001365
0.176246 0.000000 0.735632 0.001365
0.174330 0.000000 0.738506 0.001365
0.172414 0.000000 0.741379 0.001365
0.170498 0.000000 0.744253 0.001365
0.168583 0.000000 0.747126 0.001365
0.166667 0.000000 0.750000 0.001365
0.163462 0.000000 0.754808 0.001365
0.160257 0.000000 0.759615 0.001365
0.157052 0.000000 0.764423 0.001365
0.153846 0.000000 0.769231 0.001365
0.150641 0.000000 0.774038 0.001365
0.147436 0.000000 0.778846 0.001365
0.144231 0.000000 0.783654 0.001365
0.141026 0.000000 0.788462 0.001365
0.137821 0.000000 0.793269 0.001365
0.134616 0.000000 0.798077 0.001365
0.131411 0.000000 0.802885 0.001365
0.128205 0.000000 0.807692 0.001365
0.125000 0.000000 0.812500 0.001365
0.121795 0.000000 0.817308 0.001365
0.118590 0.000000 0.822115 0.001365
0.115385 0.000000 0.826923 0.001365
0.112180 0.000000 0.831731 0.001365
0.108975 0.000000 0.836538 0.001365
0.105769 0.000000 0.841346 0.001365
0.102564 0.000000 0.846154 0.001365
0.099359 0.000000 0.850962 0.001365
0.096154 0.000000 0.855769 0.001365
0.092949 0.000000 0.860577 0.001365
0.089744 0.000000 0.865385 0.001365
0.086539 0.000000 0.870192 0.001365
0.083333 0.000000 0.875000 0.001365
0.080128 0.000000 0.879808 0.001365
0.076923 0.000000 0.884615 0.001365
0.073718 0.000000 0.889423 0.001365
0.070513 0.000000 0.894231 0.001365
0.067308 0.000000 0.899038 0.001365
0.064103 0.000000 0.903846 0.001365
0.060898 0.000000 0.908654 0.001365
0.057692 0.000000 0.913462 0.001365
0.054487 0.000000 0.918269 0.001365
0.051282 0.000000 0.923077 0.001365
0.048077 0.000000 0.927885 0.001365
0.044872 0.000000 0.932692 0.001365
0.041667 0.000000 0.937500 0.001365
0.038462 0.000000 0.942308 0.001365
0.035256 0.000000 0.947115 0.001365
0.032051 0.000000 0.951923 0.001365
0.028846 0.000000 0.956731 0.001365
0.025641 0.000000 0.961538 0.001365
0.022436 0.000000 0.966346 0.001365
0.019231 0.000000 0.971154 0.001365
0.016026 0.000000 0.975962 0.001365
0.012821 0.000000 0.980769 0.001365
0.009615 0.000000 0.985577 0.001365
0.006410 0.000000 0.990385 0.001365
0.003205 0.000000 0.995192 0.001365
0.000000 0.000000 1.000000 0.001365
