0.666667 0.000000 0.000000 -0.000000
0.642857 0.000000 0.035714 0.000049
0.619048 0.000000 0.071429 0.000098
0.595238 0.000000 0.107143 0.000146
0.571429 0.000000 0.142857 0.000195
0.547619 0.000000 0.178571 0.000244
0.523810 0.000000 0.214286 0.000293
0.500000 0.000000 0.250000 0.000341
0.476191 0.000000 0.285714 0.000390
0.452381 0.000000 0.321429 0.000439
0.428572 0.000000 0.357143 0.000487
0.404762 0.000000 0.392857 0.000536
0.380953 0.000000 0.428571 0.000585
0.357143 0.000000 0.464286 0.000634
0.333333 0.000000 0.500000 0.000683
0.309524 0.000000 0.535714 0.000731
0.285714 0.000000 0.571429 0.000780
0.261905 0.000000 0.607143 0.000829
0.238095 0.000000 0.642857 0.000877
0.214286 0.000000 0.678571 0.000926
0.190476 0.000000 0.714286 0.000975
0.166667 0.000000 0.750000 0.001024
0.142857 0.000000 0.785714 0.001073
0.119048 0.000000 0.821429 0.001121
0.095238 0.000000 0.857143 0.001170
0.071429 0.000000 0.892857 0.001219
0.047619 0.000000 0.928571 0.001267
0.023810 0.000000 0.964286 0.001316
0.000000 0.000000 1.000000 0.001365
0.000000 0.002222 1.000000 0.005200
0.000000 0.004444 1.000000 0.009035
0.000000 0.006667 1.000000 0.012870
0.000000 0.008889 1.000000 0.016705
0.000000 0.011111 1.000000 0.020540
0.000000 0.013333 1.000000 0.024375
0.000000 0.015555 1.000000 0.028210
0.000000 0.017778 1.000000 0.032045
0.000000 0.020000 1.000000 0.035880
0.000000 0.022222 1.000000 0.039715
0.000000 0.024444 1.000000 0.043550
0.000000 0.026667 1.000000 0.047385
0.000000 0.028889 1.000000 0.051219
0.000000 0.031111 1.000000 0.055054
0.000000 0.033333 1.000000 0.058889
0.000000 0.035555 1.000000 0.062724
0.000000 0.037778 1.000000 0.066559
0.000000 0.040000 1.000000 0.070394
0.000000 0.042222 1.000000 0.074229
0.000000 0.044444 1.000000 0.078064
0.000000 0.046666 1.000000 0.081899
0.000000 0.048889 1.000000 0.085734
0.000000 0.051111 1.000000 0.089569
0.000000 0.053333 1.000000 0.093404
0.000000 0.055555 1.000000 0.097239
0.000000 0.057778 1.000000 0.101074
0.000000 0.060000 1.000000 0.104909
0.000000 0.062222 1.000000 0.108744
0.000000 0.064444 1.000000 0.112579
0.000000 0.066666 1.000000 0.116414
0.000000 0.068889 1.000000 0.120249
0.000000 0.071111 1.000000 0.124084
0.000000 0.073333 1.000000 0.127919
0.000000 0.075555 1.000000 0.131754
0.000000 0.077777 1.000000 0.135589
0.000000 0.080000 1.000000 0.139424
0.000000 0.082222 1.000000 0.143259
0.000000 0.084444 1.000000 0.147093
0.000000 0.086666 1.000000 0.150928
0.000000 0.088889 1.000000 0.154763
0.000000 0.091111 1.000000 0.158598
0.000000 0.093333 1.000000 0.162433
0.000000 0.095555 1.000000 0.166268
0.000000 0.097777 1.000000 0.170103
0.000000 0.100000 1.000000 0.173938
0.000000 0.102222 1.000000 0.177773
0.000000 0.104444 1.000000 0.181608
0.000000 0.106666 1.000000 0.185443
0.000000 0.108888 1.000000 0.189278
0.000000 0.111111 1.000000 0.193113
0.000000 0.113333 1.000000 0.196948
0.000000 0.115555 1.000000 0.200783
0.000000 0.117777 1.000000 0.204618
0.000000 0.120000 1.000000 0.208453
0.000000 0.122222 1.000000 0.212288
0.000000 0.124444 1.000000 0.216123
0.000000 0.126666 1.000000 0.219958
0.000000 0.128888 1.000000 0.223793
0.000000 0.131111 1.000000 0.227628
0.000000 0.133333 1.000000 0.231463
0.000000 0.135555 1.000000 0.235298
0.000000 0.137777 1.000000 0.239133
0.000000 0.139999 1.000000 0.242967
0.000000 0.142222 1.000000 0.246802
0.000000 0.144444 1.000000 0.250637
0.000000 0.146666 1.000000 0.254472
0.000000 0.148888 1.000000 0.258307
0.000000 0.151111 1.000000 0.262142
0.000000 0.153333 1.000000 0.265977
0.000000 0.155555 1.000000 0.269812
0.000000 0.157777 1.000000 0.273647
0.000000 0.159999 1.000000 0.277482
0.000000 0.162222 1.000000 0.281317
0.000000 0.164444 1.000000 0.285152
0.000000 0.166666 1.000000 0.288987
0.000000 0.167762 1.000000 0.287095
0.000000 0.168859 1.000000 0.285203
0.000000 0.169955 1.000000 0.283310
0.000000 0.171052 1.000000 0.281418
0.000000 0.172148 1.000000 0.279526
0.000000 0.173245 1.000000 0.277634
0.000000 0.174341 1.000000 0.275741
0.000000 0.175438 1.000000 0.273849
0.000000 0.176534 1.000000 0.271957
0.000000 0.177631 1.000000 0.270065
0.000000 0.178727 1.000000 0.268172
0.000000 0.179824 1.000000 0.266280
0.000000 0.180920 1.000000 0.264388
0.000000 0.182017 1.000000 0.262496
0.000000 0.183113 1.000000 0.260603
0.000000 0.184210 1.000000 0.258711
0.000000 0.185306 1.000000 0.256819
0.000000 0.186403 1.000000 0.254927
0.000000 0.187499 1.000000 0.253034
0.000000 0.188596 1.000000 0.251142
0.000000 0.189692 1.000000 0.249250
0.000000 0.190789 1.000000 0.247358
0.000000 0.191885 1.000000 0.245465
0.000000 0.192982 1.000000 0.243573
0.000000 0.194078 1.000000 0.241681
0.000000 0.195175 1.000000 0.239789
0.000000 0.196271 1.000000 0.237896
0.000000 0.197368 1.000000 0.236004
0.000000 0.198464 1.000000 0.234112
0.000000 0.199561 1.000000 0.232220
0.000000 0.200657 1.000000 0.230327
0.000000 0.201754 1.000000 0.228435
0.000000 0.202850 1.000000 0.226543
0.000000 0.203947 1.000000 0.224651
0.000000 0.205043 1.000000 0.222758
0.000000 0.206140 1.000000 0.220866
0.000000 0.207236 1.000000 0.218974
0.000000 0.208333 1.000000 0.217082
0.000000 0.209429 1.000000 0.215189
0.000000 0.210526 1.000000 0.213297
0.000000 0.211622 1.000000 0.211405
0.000000 0.212719 1.000000 0.209513
0.000000 0.213815 1.000000 0.207620
0.000000 0.214912 1.000000 0.205728
0.000000 0.216008 1.000000 0.203836
0.000000 0.217105 1.000000 0.201944
0.000000 0.218201 1.000000 0.200051
0.000000 0.219298 1.000000 0.198159
0.000000 0.220394 1.000000 0.196267
0.000000 0.221491 1.000000 0.194375
0.000000 0.222587 1.000000 0.192482
0.000000 0.223684 1.000000 0.190590
0.000000 0.224780 1.000000 0.188698
0.000000 0.225877 1.000000 0.186806
0.000000 0.226973 1.000000 0.184913
0.000000 0.228070 1.000000 0.183021
0.000000 0.229166 1.000000 0.181129
0.000000 0.230263 1.000000 0.179237
0.000000 0.231359 1.000000 0.177344
0.000000 0.232456 1.000000 0.175452
0.000000 0.233552 1.000000 0.173560
0.000000 0.234649 1.000000 0.171668
0.000000 0.235745 1.000000 0.169775
0.000000 0.236842 1.000000 0.167883
0.000000 0.237938 1.000000 0.165991
0.000000 0.239035 1.000000 0.164099
0.000000 0.240131 1.000000 0.162206
0.000000 0.241228 1.000000 0.160314
0.000000 0.242324 1.000000 0.158422
0.000000 0.243421 1.000000 0.156530
0.000000 0.244517 1.000000 0.154637
0.000000 0.245614 1.000000 0.152745
0.000000 0.246710 1.000000 0.150853
0.000000 0.247807 1.000000 0.148961
0.000000 0.248903 1.000000 0.147068
0.000000 0.249999 1.000000 0.145176
0.000000 0.251096 1.000000 0.143284
0.000000 0.252192 1.000000 0.141392
0.000000 0.253289 1.000000 0.139499
0.000000 0.254385 1.000000 0.137607
0.000000 0.255482 1.000000 0.135715
0.000000 0.256578 1.000000 0.133823
0.000000 0.257675 1.000000 0.131930
0.000000 0.258771 1.000000 0.130038
0.000000 0.259868 1.000000 0.128146
0.000000 0.260964 1.000000 0.126254
0.000000 0.262061 1.000000 0.124361
0.000000 0.263157 1.000000 0.122469
0.000000 0.264254 1.000000 0.120577
0.000000 0.265350 1.000000 0.118685
0.000000 0.266447 1.000000 0.116792
0.000000 0.267543 1.000000 0.114900
0.000000 0.268640 1.000000 0.113008
0.000000 0.269736 1.000000 0.111116
0.000000 0.270833 1.000000 0.109223
0.000000 0.271929 1.000000 0.107331
0.000000 0.273026 1.000000 0.105439
0.000000 0.274122 1.000000 0.103547
0.000000 0.275219 1.000000 0.101654
0.000000 0.276315 1.000000 0.099762
0.000000 0.277412 1.000000 0.097870
0.000000 0.278508 1.000000 0.095978
0.000000 0.279605 1.000000 0.094085
0.000000 0.280701 1.000000 0.092193
0.000000 0.281798 1.000000 0.090301
0.000000 0.282894 1.000000 0.088408
0.000000 0.283991 1.000000 0.086516
0.000000 0.285087 1.000000 0.084624
0.000000 0.286184 1.000000 0.082732
0.000000 0.287280 1.000000 0.080840
0.000000 0.288377 1.000000 0.078947
0.000000 0.289473 1.000000 0.077055
0.000000 0.290570 1.000000 0.075163
0.000000 0.291666 1.000000 0.073270
0.000000 0.292763 1.000000 0.071378
0.000000 0.293859 1.000000 0.069486
0.000000 0.294956 1.000000 0.067594
0.000000 0.296052 1.000000 0.065702
0.000000 0.297149 1.000000 0.063809
0.000000 0.298245 1.000000 0.061917
0.000000 0.299342 1.000000 0.060025
0.000000 0.300438 1.000000 0.058132
0.000000 0.301535 1.000000 0.056240
0.000000 0.302631 1.000000 0.054348
0.000000 0.303728 1.000000 0.052456
0.000000 0.304824 1.000000 0.050564
0.000000 0.305921 1.000000 0.048671
0.000000 0.307017 1.000000 0.046779
0.000000 0.308114 1.000000 0.044887
0.000000 0.309210 1.000000 0.042994
0.000000 0.310307 1.000000 0.041102
0.000000 0.311403 1.000000 0.039210
0.000000 0.312500 1.000000 0.037318
0.000000 0.313596 1.000000 0.035426
0.000000 0.314693 1.000000 0.033533
0.000000 0.315789 1.000000 0.031641
0.000000 0.316886 1.000000 0.029749
0.000000 0.317982 1.000000 0.027856
0.000000 0.319079 1.000000 0.025964
0.000000 0.320175 1.000000 0.024072
0.000000 0.321272 1.000000 0.022180
0.000000 0.322368 1.000000 0.020288
0.000000 0.323465 1.000000 0.018395
0.000000 0.324561 1.000000 0.016503
0.000000 0.325658 1.000000 0.014611
0.000000 0.326754 1.000000 0.012718
0.000000 0.327851 1.000000 0.010826
0.000000 0.328947 1.000000 0.008934
0.000000 0.330043 1.000000 0.007042
0.000000 0.331140 1.000000 0.005150
0.000000 0.332236 1.000000 0.003257
0.000000 0.333333 1.000000 0.001365
