1.000000 0.000000 0.000000 -0.000000
1.000000 0.125000 0.062255 0.000126
1.000000 0.250000 0.124510 0.000252
1.000000 0.375000 0.186765 0.000378
1.000000 0.500000 0.249020 0.000503
1.000000 0.625000 0.311274 0.000629
1.000000 0.750000 0.373529 0.000755
1.000000 0.875000 0.435784 0.000881
1.000000 1.000000 0.498039 0.001007
1.000000 1.000000 0.498039 0.001007
1.000000 1.000000 0.498039 0.001007
1.000000 1.000000 0.498039 0.001007
1.000000 1.000000 0.498039 0.001007
1.000000 1.000000 0.498039 0.001007
1.000000 1.000000 0.498039 0.001007
1.000000 1.000000 0.498039 0.001007
1.000000 1.000000 0.498039 0.001007
1.000000 1.000000 0.498039 0.001007
1.000000 1.000000 0.498039 0.001007
1.000000 1.000000 0.498039 0.001007
1.000000 1.000000 0.498039 0.001007
1.000000 1.000000 0.498039 0.001007
1.000000 1.000000 0.498039 0.001007
1.000000 1.000000 0.498039 0.001007
1.000000 1.000000 0.498039 0.001007
1.000000 1.000000 0.498039 0.001007
1.000000 1.000000 0.498039 0.001007
1.000000 1.000000 0.498039 0.001007
1.000000 1.000000 0.498039 0.001007
1.000000 1.000000 0.498039 0.001007
1.000000 1.000000 0.498039 0.001007
1.000000 1.000000 0.498039 0.001007
1.000000 1.000000 0.498039 0.001007
1.000000 1.000000 0.498039 0.001007
1.000000 1.000000 0.498039 0.001007
1.000000 1.000000 0.498039 0.001007
1.000000 1.000000 0.498039 0.001007
1.000000 1.000000 0.498039 0.001007
1.000000 1.000000 0.498039 0.001007
1.000000 1.000000 0.498039 0.001007
1.000000 1.000000 0.498039 0.001007
1.000000 1.000000 0.498039 0.001007
1.000000 1.000000 0.498039 0.001007
1.000000 1.000000 0.498039 0.001007
1.000000 1.000000 0.498039 0.001007
1.000000 1.000000 0.498039 0.001007
1.000000 1.000000 0.498039 0.001007
1.000000 1.000000 0.498039 0.001007
1.000000 1.000000 0.498039 0.001007
1.000000 1.000000 0.498039 0.001007
1.000000 1.000000 0.498039 0.001007
1.000000 1.000000 0.498039 0.001007
1.000000 1.000000 0.498039 0.001007
1.000000 1.000000 0.498039 0.001007
1.000000 1.000000 0.498039 0.001007
1.000000 1.000000 0.498039 0.001007
1.000000 1.000000 0.498039 0.001007
1.000000 1.000000 0.498039 0.001007
1.000000 1.000000 0.498039 0.001007
1.000000 1.000000 0.498039 0.001007
1.000000 1.000000 0.498039 0.001007
1.000000 1.000000 0.498039 0.001007
1.000000 1.000000 0.498039 0.001007
1.000000 1.000000 0.498039 0.001007
1.000000 1.000000 0.498039 0.001007
1.000000 1.000000 0.498039 0.001007
1.000000 1.000000 0.498039 0.001007
1.000000 1.000000 0.498039 0.001007
1.000000 1.000000 0.498039 0.001007
1.000000 1.000000 0.498039 0.001007
1.000000 1.000000 0.498039 0.001007
1.000000 1.000000 0.498039 0.001007
1.000000 1.000000 0.498039 0.001007
1.000000 1.000000 0.498039 0.001007
1.000000 1.000000 0.498039 0.001007
1.000000 1.000000 0.498039 0.001007
1.000000 1.000000 0.498039 0.001007
1.000000 1.000000 0.498039 0.006592
1.000000 1.000000 0.498039 0.012177
1.000000 1.000000 0.498039 0.017762
1.000000 1.000000 0.498039 0.023347
1.000000 1.000000 0.498039 0.028932
1.000000 1.000000 0.498039 0.034517
1.000000 1.000000 0.498039 0.040102
1.000000 1.000000 0.498039 0.045687
1.000000 1.000000 0.498039 0.051272
1.000000 1.000000 0.498039 0.056858
1.000000 1.000000 0.498039 0.062443
1.000000 1.000000 0.498039 0.068028
1.000000 1.000000 0.498039 0.073613
1.000000 1.000000 0.498039 0.079198
1.000000 1.000000 0.498039 0.084783
1.000000 1.000000 0.498039 0.090368
1.000000 1.000000 0.498039 0.095953
1.000000 1.000000 0.498039 0.101538
1.000000 1.000000 0.498039 0.107123
1.000000 1.000000 0.498039 0.112708
1.000000 1.000000 0.498039 0.118293
1.000000 1.000000 0.498039 0.123878
1.000000 1.000000 0.498039 0.129463
1.000000 1.000000 0.498039 0.135048
1.000000 1.000000 0.498039 0.140633
1.000000 1.000000 0.498039 0.146218
1.000000 1.000000 0.498039 0.151803
1.000000 1.000000 0.498039 0.157388
1.000000 1.000000 0.498039 0.162973
1.000000 1.000000 0.498039 0.168559
1.000000 1.000000 0.498039 0.174144
1.000000 1.000000 0.498039 0.179729
1.000000 1.000000 0.498039 0.185314
1.000000 1.000000 0.498039 0.190899
1.000000 1.000000 0.498039 0.196484
1.000000 1.000000 0.498039 0.202069
1.000000 1.000000 0.498039 0.207654
1.000000 1.000000 0.498039 0.213239
1.000000 1.000000 0.498039 0.218824
1.000000 1.000000 0.498039 0.224409
1.000000 1.000000 0.498039 0.229994
1.000000 1.000000 0.498039 0.235579
1.000000 1.000000 0.498039 0.241164
1.000000 1.000000 0.498039 0.246749
1.000000 1.000000 0.498039 0.252334
1.000000 1.000000 0.498039 0.257919
1.000000 1.000000 0.498039 0.263504
1.000000 1.000000 0.498039 0.269089
1.000000 1.000000 0.498039 0.274674
1.000000 1.000000 0.498039 0.280259
1.000000 1.000000 0.498039 0.285845
1.000000 1.000000 0.498039 0.291430
1.000000 1.000000 0.498039 0.297015
1.000000 1.000000 0.498039 0.302600
1.000000 1.000000 0.498039 0.308185
1.000000 1.000000 0.498039 0.313770
1.000000 1.000000 0.498039 0.319355
1.000000 1.000000 0.498039 0.324940
1.000000 1.000000 0.498039 0.330525
1.000000 1.000000 0.498039 0.336110
1.000000 1.000000 0.498039 0.341695
1.000000 1.000000 0.498039 0.347280
1.000000 1.000000 0.498039 0.352865
1.000000 1.000000 0.498039 0.358450
1.000000 1.000000 0.498039 0.364035
1.000000 1.000000 0.498039 0.369620
1.000000 1.000000 0.498039 0.375205
1.000000 1.000000 0.498039 0.380790
1.000000 1.000000 0.498039 0.386375
1.000000 1.000000 0.498039 0.391961
1.000000 1.000000 0.498039 0.397546
1.000000 1.000000 0.498039 0.403131
1.000000 1.000000 0.498039 0.408716
1.000000 1.000000 0.498039 0.414301
1.000000 1.000000 0.498039 0.419886
1.000000 1.000000 0.498039 0.425471
1.000000 1.000000 0.498039 0.431056
1.000000 1.000000 0.498039 0.436641
1.000000 1.000000 0.498039 0.442226
1.000000 1.000000 0.498039 0.447811
1.000000 1.000000 0.498039 0.453396
1.000000 1.000000 0.498039 0.458981
1.000000 1.000000 0.498039 0.464566
1.000000 1.000000 0.498039 0.470151
1.000000 1.000000 0.498039 0.475736
1.000000 1.000000 0.498039 0.481321
1.000000 1.000000 0.498039 0.486906
1.000000 1.000000 0.498039 0.492491
1.000000 1.000000 0.498039 0.498076
1.000000 1.000000 0.498039 0.503662
1.000000 1.000000 0.498039 0.509247
1.000000 1.000000 0.498039 0.514832
1.000000 1.000000 0.498039 0.520417
1.000000 1.000000 0.498039 0.526002
1.000000 1.000000 0.498039 0.531587
1.000000 1.000000 0.498039 0.537172
1.000000 1.000000 0.498039 0.542757
1.000000 1.000000 0.498039 0.548342
1.000000 1.000000 0.498039 0.553927
1.000000 1.000000 0.498039 0.559512
1.000000 1.000000 0.498039 0.565097
1.000000 1.000000 0.498039 0.570682
1.000000 1.000000 0.498039 0.576267
1.000000 1.000000 0.498039 0.581852
1.000000 1.000000 0.498039 0.587437
1.000000 1.000000 0.498039 0.593022
1.000000 1.000000 0.498039 0.598607
1.000000 1.000000 0.498039 0.604192
1.000000 1.000000 0.498039 0.609778
1.000000 1.000000 0.498039 0.615363
1.000000 1.000000 0.498039 0.620948
1.000000 1.000000 0.498039 0.626533
1.000000 1.000000 0.498039 0.632118
1.000000 1.000000 0.498039 0.637703
1.000000 1.000000 0.498039 0.643288
1.000000 1.000000 0.498039 0.648873
1.000000 1.000000 0.498039 0.654458
1.000000 1.000000 0.498039 0.660043
1.000000 1.000000 0.498039 0.665628
1.000000 1.000000 0.498039 0.671213
1.000000 1.000000 0.498039 0.676798
1.000000 1.000000 0.498039 0.682383
1.000000 1.000000 0.498039 0.687968
1.000000 1.000000 0.498039 0.693553
1.000000 1.000000 0.498039 0.699138
1.000000 1.000000 0.498039 0.704723
1.000000 1.000000 0.498039 0.710308
1.000000 1.000000 0.498039 0.715893
1.000000 1.000000 0.498039 0.721479
1.000000 1.000000 0.498039 0.727064
1.000000 1.000000 0.498039 0.732649
1.000000 1.000000 0.498039 0.738234
1.000000 1.000000 0.498039 0.743819
1.000000 1.000000 0.498039 0.749404
1.000000 1.000000 0.498039 0.754989
1.000000 1.000000 0.498039 0.760574
1.000000 1.000000 0.498039 0.766159
1.000000 1.000000 0.498039 0.771744
1.000000 1.000000 0.498039 0.777329
1.000000 1.000000 0.498039 0.782914
1.000000 1.000000 0.498039 0.788499
1.000000 1.000000 0.498039 0.794084
1.000000 1.000000 0.498039 0.799669
1.000000 1.000000 0.498039 0.805254
1.000000 1.000000 0.498039 0.810839
1.000000 1.000000 0.498039 0.816424
1.000000 1.000000 0.498039 0.822009
1.000000 1.000000 0.498039 0.827594
1.000000 1.000000 0.498039 0.833179
1.000000 1.000000 0.498039 0.838765
1.000000 1.000000 0.498039 0.844350
1.000000 1.000000 0.498039 0.849935
1.000000 1.000000 0.498039 0.855520
1.000000 1.000000 0.498039 0.861105
1.000000 1.000000 0.498039 0.866690
1.000000 1.000000 0.498039 0.872275
1.000000 1.000000 0.498039 0.877860
1.000000 1.000000 0.498039 0.883445
1.000000 1.000000 0.498039 0.889030
1.000000 1.000000 0.498039 0.894615
1.000000 1.000000 0.498039 0.900200
1.000000 1.000000 0.498039 0.905785
1.000000 1.000000 0.498039 0.911370
1.000000 1.000000 0.498039 0.916955
1.000000 1.000000 0.498039 0.922540
1.000000 1.000000 0.498039 0.928125
1.000000 1.000000 0.498039 0.933710
1.000000 1.000000 0.498039 0.939295
1.000000 1.000000 0.498039 0.944880
1.000000 1.000000 0.498039 0.950466
1.000000 1.000000 0.498039 0.956051
1.000000 1.000000 0.498039 0.961636
1.000000 1.000000 0.498039 0.967221
1.000000 1.000000 0.498039 0.972806
1.000000 1.000000 0.498039 0.978391
1.000000 1.000000 0.498039 0.983976
1.000000 1.000000 0.498039 0.989561
1.000000 1.000000 0.498039 0.995146
1.000000 1.000000 0.498039 1.000731
