1.000000 1.000000 0.494118 -0.000000
1.000000 1.000000 0.494118 0.000000
1.000000 1.000000 0.494118 0.000000
1.000000 1.000000 0.494118 0.000000
1.000000 1.000000 0.494118 0.000000
1.000000 1.000000 0.494118 0.000000
1.000000 1.000000 0.494118 0.000000
1.000000 1.000000 0.494118 0.000000
1.000000 1.000000 0.494118 0.000000
1.000000 1.000000 0.494118 0.000000
1.000000 1.000000 0.494118 0.000000
1.000000 1.000000 0.494118 0.000000
1.000000 1.000000 0.494118 0.000000
1.000000 1.000000 0.494118 0.000000
1.000000 1.000000 0.494118 0.000000
1.000000 1.000000 0.494118 0.000000
1.000000 1.000000 0.494118 0.000000
1.000000 1.000000 0.494118 0.000000
1.000000 1.000000 0.494118 0.000000
1.000000 1.000000 0.494118 0.000000
1.000000 1.000000 0.494118 0.000000
1.000000 1.000000 0.494118 0.000000
1.000000 1.000000 0.494118 0.000000
1.000000 1.000000 0.494118 0.000000
1.000000 1.000000 0.494118 0.000000
1.000000 1.000000 0.494118 0.000000
1.000000 1.000000 0.494118 0.000000
1.000000 1.000000 0.494118 0.000000
1.000000 1.000000 0.494118 0.000000
1.000000 1.000000 0.494118 0.000000
1.000000 1.000000 0.494118 0.000000
1.000000 1.000000 0.494118 0.000000
1.000000 1.000000 0.494118 0.000000
1.000000 1.000000 0.494118 0.000000
1.000000 1.000000 0.494118 0.000000
1.000000 1.000000 0.494118 0.000000
1.000000 1.000000 0.494118 0.000000
1.000000 1.000000 0.494118 0.000000
1.000000 1.000000 0.494118 0.000000
1.000000 1.000000 0.494118 0.000000
1.000000 1.000000 0.494118 0.000000
1.000000 1.000000 0.494118 0.000000
1.000000 1.000000 0.494118 0.000000
1.000000 1.000000 0.494118 0.000000
1.000000 1.000000 0.494118 0.000000
1.000000 1.000000 0.494118 0.000000
1.000000 1.000000 0.494118 0.000000
1.000000 1.000000 0.494118 0.000000
1.000000 1.000000 0.494118 0.000000
1.000000 1.000000 0.494118 0.000000
1.000000 1.000000 0.494118 0.000000
1.000000 1.000000 0.494118 0.000000
1.000000 1.000000 0.494118 0.000000
1.000000 1.000000 0.494118 0.000000
1.000000 1.000000 0.494118 0.000000
1.000000 1.000000 0.494118 0.000000
1.000000 1.000000 0.494118 0.000000
1.000000 1.000000 0.494118 0.000000
1.000000 1.000000 0.494118 0.000000
1.000000 1.000000 0.494118 0.000000
1.000000 1.000000 0.494118 0.000000
1.000000 1.000000 0.494138 0.000000
1.000000 1.000000 0.494158 0.000000
1.000000 1.000000 0.494178 0.000000
1.000000 1.000000 0.494198 0.000000
1.000000 1.000000 0.494219 0.000000
1.000000 1.000000 0.494239 0.000000
1.000000 1.000000 0.494259 0.000000
1.000000 1.000000 0.494279 0.000000
1.000000 1.000000 0.494299 0.000000
1.000000 1.000000 0.494319 0.000000
1.000000 1.000000 0.494339 0.000000
1.000000 1.000000 0.494359 0.000000
1.000000 1.000000 0.494379 0.000000
1.000000 1.000000 0.494400 0.000000
1.000000 1.000000 0.494420 0.000000
1.000000 1.000000 0.494440 0.000000
1.000000 1.000000 0.494460 0.000000
1.000000 1.000000 0.494480 0.000000
1.000000 1.000000 0.494500 0.000000
1.000000 1.000000 0.494520 0.000000
1.000000 1.000000 0.494540 0.000000
1.000000 1.000000 0.494560 0.000000
1.000000 1.000000 0.494580 0.000000
1.000000 1.000000 0.494601 0.000000
1.000000 1.000000 0.494621 0.000000
1.000000 1.000000 0.494641 0.000000
1.000000 1.000000 0.494661 0.000000
1.000000 1.000000 0.494681 0.000000
1.000000 1.000000 0.494701 0.000000
1.000000 1.000000 0.494721 0.000000
1.000000 1.000000 0.494741 0.000000
1.000000 1.000000 0.494761 0.000000
1.000000 1.000000 0.494782 0.000000
1.000000 1.000000 0.494802 0.000000
1.000000 1.000000 0.494822 0.000000
1.000000 1.000000 0.494842 0.000000
1.000000 1.000000 0.494862 0.000000
1.000000 1.000000 0.494882 0.000000
1.000000 1.000000 0.494902 0.000000
1.000000 1.000000 0.494922 0.000000
1.000000 1.000000 0.494942 0.000000
1.000000 1.000000 0.494963 0.000000
1.000000 1.000000 0.494983 0.000000
1.000000 1.000000 0.495003 0.000000
1.000000 1.000000 0.495023 0.000000
1.000000 1.000000 0.495043 0.000000
1.000000 1.000000 0.495063 0.000000
1.000000 1.000000 0.495083 0.000000
1.000000 1.000000 0.495103 0.000000
1.000000 1.000000 0.495123 0.000000
1.000000 1.000000 0.495144 0.000000
1.000000 1.000000 0.495164 0.000000
1.000000 1.000000 0.495184 0.000000
1.000000 1.000000 0.495204 0.000000
1.000000 1.000000 0.495224 0.000000
1.000000 1.000000 0.495244 0.000000
1.000000 1.000000 0.495264 0.000000
1.000000 1.000000 0.495284 0.000000
1.000000 1.000000 0.495304 0.000000
1.000000 1.000000 0.495324 0.000000
1.000000 1.000000 0.495345 0.000000
1.000000 1.000000 0.495365 0.000000
1.000000 1.000000 0.495385 0.000000
1.000000 1.000000 0.495405 0.000000
1.000000 1.000000 0.495425 0.000000
1.000000 1.000000 0.495445 0.000000
1.000000 1.000000 0.495465 0.000000
1.000000 1.000000 0.495485 0.000000
1.000000 1.000000 0.495505 0.000000
1.000000 1.000000 0.495526 0.000000
1.000000 1.000000 0.495546 0.000000
1.000000 1.000000 0.495566 0.000000
1.000000 1.000000 0.495586 0.000000
1.000000 1.000000 0.495606 0.000000
1.000000 1.000000 0.495626 0.000000
1.000000 1.000000 0.495646 0.000000
1.000000 1.000000 0.495666 0.000000
1.000000 1.000000 0.495686 0.000000
1.000000 1.000000 0.495707 0.000000
1.000000 1.000000 0.495727 0.000000
1.000000 1.000000 0.495747 0.000000
1.000000 1.000000 0.495767 0.000000
1.000000 1.000000 0.495787 0.000000
1.000000 1.000000 0.495807 0.000000
1.000000 1.000000 0.495827 0.000000
1.000000 1.000000 0.495847 0.000000
1.000000 1.000000 0.495867 0.000000
1.000000 1.000000 0.495887 0.000000
1.000000 1.000000 0.495908 0.000000
1.000000 1.000000 0.495928 0.000000
1.000000 1.000000 0.495948 0.000000
1.000000 1.000000 0.495968 0.000000
1.000000 1.000000 0.495988 0.000000
1.000000 1.000000 0.496008 0.000000
1.000000 1.000000 0.496028 0.000000
1.000000 1.000000 0.496048 0.000000
1.000000 1.000000 0.496068 0.000000
1.000000 1.000000 0.496089 0.000000
1.000000 1.000000 0.496109 0.000000
1.000000 1.000000 0.496129 0.000000
1.000000 1.000000 0.496149 0.000000
1.000000 1.000000 0.496169 0.000000
1.000000 1.000000 0.496189 0.000000
1.000000 1.000000 0.496209 0.000000
1.000000 1.000000 0.496229 0.000000
1.000000 1.000000 0.496249 0.000000
1.000000 1.000000 0.496270 0.000000
1.000000 1.000000 0.496290 0.000000
1.000000 1.000000 0.496310 0.000000
1.000000 1.000000 0.496330 0.000000
1.000000 1.000000 0.496350 0.000000
1.000000 1.000000 0.496370 0.000000
1.000000 1.000000 0.496390 0.000000
1.000000 1.000000 0.496410 0.000000
1.000000 1.000000 0.496430 0.000000
1.000000 1.000000 0.496450 0.000000
1.000000 1.000000 0.496471 0.000000
1.000000 1.000000 0.496491 0.000000
1.000000 1.000000 0.496511 0.000000
1.000000 1.000000 0.496531 0.000000
1.000000 1.000000 0.496551 0.000000
1.000000 1.000000 0.496571 0.000000
1.000000 1.000000 0.496591 0.000000
1.000000 1.000000 0.496611 0.000000
1.000000 1.000000 0.496631 0.000000
1.000000 1.000000 0.496652 0.000000
1.000000 1.000000 0.496672 0.000000
1.000000 1.000000 0.496692 0.000000
1.000000 1.000000 0.496712 0.000000
1.000000 1.000000 0.496732 0.000000
1.000000 1.000000 0.496752 0.000000
1.000000 1.000000 0.496772 0.000000
1.000000 1.000000 0.496792 0.000000
1.000000 1.000000 0.496812 0.000000
1.000000 1.000000 0.496833 0.000000
1.000000 1.000000 0.496853 0.000000
1.000000 1.000000 0.496873 0.000000
1.000000 1.000000 0.496893 0.000000
1.000000 1.000000 0.496913 0.000000
1.000000 1.000000 0.496933 0.000000
1.000000 1.000000 0.496953 0.000000
1.000000 1.000000 0.496973 0.000000
1.000000 1.000000 0.496993 0.000000
1.000000 1.000000 0.497014 0.000000
1.000000 1.000000 0.497034 0.000000
1.000000 1.000000 0.497054 0.000000
1.000000 1.000000 0.497074 0.000000
1.000000 1.000000 0.497094 0.000000
1.000000 1.000000 0.497114 0.000000
1.000000 1.000000 0.497134 0.000000
1.000000 1.000000 0.497154 0.000000
1.000000 1.000000 0.497174 0.000000
1.000000 1.000000 0.497194 0.000000
1.000000 1.000000 0.497215 0.000000
1.000000 1.000000 0.497235 0.000000
1.000000 1.000000 0.497255 0.000000
1.000000 1.000000 0.497275 0.000000
1.000000 1.000000 0.497295 0.000000
1.000000 1.000000 0.497315 0.000000
1.000000 1.000000 0.497335 0.000000
1.000000 1.000000 0.497355 0.000000
1.000000 1.000000 0.497375 0.000000
1.000000 1.000000 0.497396 0.000000
1.000000 1.000000 0.497416 0.000000
1.000000 1.000000 0.497436 0.000000
1.000000 1.000000 0.497456 0.000000
1.000000 1.000000 0.497476 0.000000
1.000000 1.000000 0.497496 0.000000
1.000000 1.000000 0.497516 0.000000
1.000000 1.000000 0.497536 0.000000
1.000000 1.000000 0.497556 0.000000
1.000000 1.000000 0.497577 0.000000
1.000000 1.000000 0.497597 0.000000
1.000000 1.000000 0.497617 0.000000
1.000000 1.000000 0.497637 0.000000
1.000000 1.000000 0.497657 0.000000
1.000000 1.000000 0.497677 0.000000
1.000000 1.000000 0.497697 0.000000
1.000000 1.000000 0.497717 0.000000
1.000000 1.000000 0.497737 0.000000
1.000000 1.000000 0.497757 0.000000
1.000000 1.000000 0.497778 0.000000
1.000000 1.000000 0.497798 0.000000
1.000000 1.000000 0.497818 0.000000
1.000000 1.000000 0.497838 0.000000
1.000000 1.000000 0.497858 0.000000
1.000000 1.000000 0.497878 0.000000
1.000000 1.000000 0.497898 0.000000
1.000000 1.000000 0.497918 0.000000
1.000000 1.000000 0.497938 0.000000
1.000000 1.000000 0.497959 0.000000
1.000000 1.000000 0.497979 0.000000
1.000000 1.000000 0.497999 0.000000
1.000000 1.000000 0.498019 0.000000
1.000000 1.000000 0.498039 0.000000
