0.000000 0.000000 0.000000 0.000000
0.004193 0.000000 0.000000 0.004193
0.008385 0.000000 0.000000 0.008385
0.012578 0.000000 0.000000 0.012578
0.016770 0.000000 0.000000 0.016770
0.020963 0.000000 0.000000 0.020963
0.025156 0.000000 0.000000 0.025156
0.029348 0.000000 0.000000 0.029348
0.033541 0.000000 0.000000 0.033541
0.037733 0.000000 0.000000 0.037733
0.041926 0.000000 0.000000 0.041926
0.046119 0.000000 0.000000 0.046119
0.050311 0.000000 0.000000 0.050311
0.054504 0.000000 0.000000 0.054504
0.058696 0.000000 0.000000 0.058696
0.062889 0.000000 0.000000 0.062889
0.067082 0.000000 0.000000 0.067082
0.071274 0.000000 0.000000 0.071274
0.075467 0.000000 0.000000 0.075467
0.079659 0.000000 0.000000 0.079659
0.083852 0.000000 0.000000 0.083852
0.088045 0.000000 0.000000 0.088045
0.092237 0.000000 0.000000 0.092237
0.096430 0.000000 0.000000 0.096430
0.100622 0.000000 0.000000 0.100622
0.104815 0.000000 0.000000 0.104815
0.109008 0.000000 0.000000 0.109008
0.113200 0.000000 0.000000 0.113200
0.117393 0.000000 0.000000 0.117393
0.121586 0.000000 0.000000 0.121586
0.125778 0.000000 0.000000 0.125778
0.129971 0.000000 0.000000 0.129971
0.134163 0.000000 0.000000 0.134163
0.138356 0.000000 0.000000 0.138356
0.142549 0.000000 0.000000 0.142549
0.146741 0.000000 0.000000 0.146741
0.150934 0.000000 0.000000 0.150934
0.155126 0.000000 0.000000 0.155126
0.159319 0.000000 0.000000 0.159319
0.163512 0.000000 0.000000 0.163512
0.167704 0.000000 0.000000 0.167704
0.171897 0.000000 0.000000 0.171897
0.176089 0.000000 0.000000 0.176089
0.180282 0.000000 0.000000 0.180282
0.184475 0.000000 0.000000 0.184475
0.188667 0.000000 0.000000 0.188667
0.192860 0.000000 0.000000 0.192860
0.197052 0.000000 0.000000 0.197052
0.201245 0.000000 0.000000 0.201245
0.205438 0.000000 0.000000 0.205438
0.209630 0.000000 0.000000 0.209630
0.213823 0.000000 0.000000 0.213823
0.218015 0.000000 0.000000 0.218015
0.222208 0.000000 0.000000 0.222208
0.226401 0.000000 0.000000 0.226401
0.230593 0.000000 0.000000 0.230593
0.234786 0.000000 0.000000 0.234786
0.238978 0.000000 0.000000 0.238978
0.243171 0.000000 0.000000 0.243171
0.247364 0.000000 0.000000 0.247364
0.251556 0.000000 0.000000 0.251556
0.255749 0.000000 0.000000 0.255749
0.259941 0.000000 0.000000 0.259941
0.264134 0.000000 0.000000 0.264134
0.268327 0.000000 0.000000 0.268327
0.272519 0.000000 0.000000 0.272519
0.276712 0.000000 0.000000 0.276712
0.280904 0.000000 0.000000 0.280904
0.285097 0.000000 0.000000 0.285097
0.289290 0.000000 0.000000 0.289290
0.293482 0.000000 0.000000 0.293482
0.297675 0.000000 0.000000 0.297675
0.301867 0.000000 0.000000 0.301867
0.306060 0.000000 0.000000 0.306060
0.310253 0.000000 0.000000 0.310253
0.314445 0.000000 0.000000 0.314445
0.318638 0.000000 0.000000 0.318638
0.322830 0.000000 0.000000 0.322830
0.327023 0.000000 0.000000 0.327023
0.331216 0.000000 0.000000 0.331216
0.335408 0.000000 0.000000 0.335408
0.339601 0.000000 0.000000 0.339601
0.343794 0.000000 0.000000 0.343794
0.347986 0.000000 0.000000 0.347986
0.352179 0.000000 0.000000 0.352179
0.356371 0.000000 0.000000 0.356371
0.360564 0.000000 0.000000 0.360564
0.364757 0.000000 0.000000 0.364757
0.368949 0.000000 0.000000 0.368949
0.373142 0.000000 0.000000 0.373142
0.377334 0.000000 0.000000 0.377334
0.381527 0.000000 0.000000 0.381527
0.385720 0.000000 0.000000 0.385720
0.389912 0.000000 0.000000 0.389912
0.394105 0.000000 0.000000 0.394105
0.398297 0.000000 0.000000 0.398297
0.402490 0.000000 0.000000 0.402490
0.406683 0.000000 0.000000 0.406683
0.410875 0.000000 0.000000 0.410875
0.415068 0.000000 0.000000 0.415068
0.419260 0.000000 0.000000 0.419260
0.423453 0.000000 0.000000 0.423453
0.427646 0.000000 0.000000 0.427646
0.431838 0.000000 0.000000 0.431838
0.436031 0.000000 0.000000 0.436031
0.440223 0.000000 0.000000 0.440223
0.444416 0.000000 0.000000 0.444416
0.448609 0.000000 0.000000 0.448609
0.452801 0.000000 0.000000 0.452801
0.456994 0.000000 0.000000 0.456994
0.461186 0.000000 0.000000 0.461186
0.465379 0.000000 0.000000 0.465379
0.469572 0.000000 0.000000 0.469572
0.473764 0.000000 0.000000 0.473764
0.477957 0.000000 0.000000 0.477957
0.482149 0.000000 0.000000 0.482149
0.486342 0.000000 0.000000 0.486342
0.490535 0.000000 0.000000 0.490535
0.494727 0.000000 0.000000 0.494727
0.498920 0.000000 0.000000 0.498920
0.503112 0.000000 0.000000 0.503112
0.507305 0.000000 0.000000 0.507305
0.511498 0.000000 0.000000 0.511498
0.515690 0.000000 0.000000 0.515690
0.511794 0.003877 0.003877 0.511794
0.507897 0.007695 0.007695 0.507897
0.504001 0.011455 0.011455 0.504001
0.500105 0.015155 0.015155 0.500105
0.496208 0.018796 0.018796 0.496208
0.492312 0.022378 0.022378 0.492312
0.488415 0.025901 0.025901 0.488415
0.484519 0.029365 0.029365 0.484519
0.480623 0.032770 0.032770 0.480623
0.476726 0.036116 0.036116 0.476726
0.472830 0.039402 0.039402 0.472830
0.468933 0.042630 0.042630 0.468933
0.465037 0.045799 0.045799 0.465037
0.461141 0.048909 0.048909 0.461141
0.457244 0.051960 0.051960 0.457244
0.453348 0.054951 0.054951 0.453348
0.449451 0.057884 0.057884 0.449451
0.445555 0.060758 0.060758 0.445555
0.441659 0.063572 0.063572 0.441659
0.437762 0.066328 0.066328 0.437762
0.433866 0.069024 0.069024 0.433866
0.429969 0.071662 0.071662 0.429969
0.426073 0.074240 0.074240 0.426073
0.422177 0.076759 0.076759 0.422177
0.418280 0.079220 0.079220 0.418280
0.414384 0.081621 0.081621 0.414384
0.410487 0.083963 0.083963 0.410487
0.406591 0.086247 0.086247 0.406591
0.402695 0.088471 0.088471 0.402695
0.398798 0.090636 0.090636 0.398798
0.394902 0.092742 0.092742 0.394902
0.391005 0.094789 0.094789 0.391005
0.387109 0.096777 0.096777 0.387109
0.383213 0.098706 0.098706 0.383213
0.379316 0.100576 0.100576 0.379316
0.375420 0.102387 0.102387 0.375420
0.371523 0.104139 0.104139 0.371523
0.367627 0.105832 0.105832 0.367627
0.363731 0.107466 0.107466 0.363731
0.359834 0.109041 0.109041 0.359834
0.355938 0.110556 0.110556 0.355938
0.352041 0.112013 0.112013 0.352041
0.348145 0.113411 0.113411 0.348145
0.344249 0.114750 0.114750 0.344249
0.340352 0.116029 0.116029 0.340352
0.336456 0.117250 0.117250 0.336456
0.332559 0.118411 0.118411 0.332559
0.328663 0.119514 0.119514 0.328663
0.324766 0.120557 0.120557 0.324766
0.320870 0.121542 0.121542 0.320870
0.316974 0.122467 0.122467 0.316974
0.313077 0.123333 0.123333 0.313077
0.309181 0.124141 0.124141 0.309181
0.305284 0.124889 0.124889 0.305284
0.301388 0.125578 0.125578 0.301388
0.297492 0.126209 0.126209 0.297492
0.293595 0.126780 0.126780 0.293595
0.289699 0.127292 0.127292 0.289699
0.285802 0.127745 0.127745 0.285802
0.281906 0.128139 0.128139 0.281906
0.278010 0.128474 0.128474 0.278010
0.274113 0.128750 0.128750 0.274113
0.270217 0.128967 0.128967 0.270217
0.266320 0.129125 0.129125 0.266320
0.262424 0.129224 0.129224 0.262424
0.258528 0.129264 0.129264 0.258528
0.254631 0.129245 0.129245 0.254631
0.250735 0.129166 0.129166 0.250735
0.246838 0.129029 0.129029 0.246838
0.242942 0.128833 0.128833 0.242942
0.239046 0.128578 0.128578 0.239046
0.235149 0.128263 0.128263 0.235149
0.231253 0.127890 0.127890 0.231253
0.227356 0.127457 0.127457 0.227356
0.223460 0.126966 0.126966 0.223460
0.219564 0.126415 0.126415 0.219564
0.215667 0.125806 0.125806 0.215667
0.211771 0.125137 0.125137 0.211771
0.207874 0.124410 0.124410 0.207874
0.203978 0.123623 0.123623 0.203978
0.200082 0.122777 0.122777 0.200082
0.196185 0.121873 0.121873 0.196185
0.192289 0.120909 0.120909 0.192289
0.188392 0.119886 0.119886 0.188392
0.184496 0.118804 0.118804 0.184496
0.180600 0.117663 0.117663 0.180600
0.176703 0.116463 0.116463 0.176703
0.172807 0.115204 0.115204 0.172807
0.168910 0.113887 0.113887 0.168910
0.165014 0.112510 0.112510 0.165014
0.161118 0.111073 0.111073 0.161118
0.157221 0.109578 0.109578 0.157221
0.153325 0.108024 0.108024 0.153325
0.149428 0.106411 0.106411 0.149428
0.145532 0.104739 0.104739 0.145532
0.141636 0.103008 0.103008 0.141636
0.137739 0.101217 0.101217 0.137739
0.133843 0.099368 0.099368 0.133843
0.129946 0.097460 0.097460 0.129946
0.126050 0.095492 0.095492 0.126050
0.122153 0.093466 0.093466 0.122153
0.118257 0.091380 0.091380 0.118257
0.114361 0.089236 0.089236 0.114361
0.110464 0.087032 0.087032 0.110464
0.106568 0.084770 0.084770 0.106568
0.102671 0.082448 0.082448 0.102671
0.098775 0.080068 0.080068 0.098775
0.094879 0.077628 0.077628 0.094879
0.090982 0.075129 0.075129 0.090982
0.087086 0.072572 0.072572 0.087086
0.083189 0.069955 0.069955 0.083189
0.079293 0.067279 0.067279 0.079293
0.075397 0.064544 0.064544 0.075397
0.071500 0.061750 0.061750 0.071500
0.067604 0.058897 0.058897 0.067604
0.063707 0.055985 0.055985 0.063707
0.059811 0.053014 0.053014 0.059811
0.055915 0.049984 0.049984 0.055915
0.052018 0.046895 0.046895 0.052018
0.048122 0.043747 0.043747 0.048122
0.044225 0.040540 0.040540 0.044225
0.040329 0.037274 0.037274 0.040329
0.036433 0.033949 0.033949 0.036433
0.032536 0.030564 0.030564 0.032536
0.028640 0.027121 0.027121 0.028640
0.024743 0.023619 0.023619 0.024743
0.020847 0.020057 0.020057 0.020847
0.016951 0.016437 0.016437 0.016951
0.013054 0.012758 0.012758 0.013054
0.009158 0.009019 0.009019 0.009158
0.005261 0.005222 0.005222 0.005261
0.001365 0.001365 0.001365 0.001365
