0.666667 0.000000 0.000000 -0.000000
0.663537 0.002430 0.001786 0.000000
0.660407 0.004861 0.003572 0.000000
0.657277 0.007291 0.005358 0.000000
0.654147 0.009721 0.007144 0.000000
0.651018 0.012151 0.008929 0.000000
0.647888 0.014582 0.010715 0.000000
0.644758 0.017012 0.012501 0.000000
0.641628 0.019442 0.014287 0.000000
0.638498 0.021872 0.016073 0.000000
0.635368 0.024303 0.017859 0.000000
0.632238 0.026733 0.019645 0.000000
0.629108 0.029163 0.021431 0.000000
0.625978 0.031593 0.023216 0.000000
0.622849 0.034024 0.025002 0.000000
0.619719 0.036454 0.026788 0.000000
0.616589 0.038884 0.028574 0.000000
0.613459 0.041315 0.030360 0.000000
0.610329 0.043745 0.032146 0.000000
0.607199 0.046175 0.033932 0.000000
0.604069 0.048605 0.035718 0.000000
0.600939 0.051036 0.037503 0.000000
0.597809 0.053466 0.039289 0.000000
0.594679 0.055896 0.041075 0.000000
0.591550 0.058326 0.042861 0.000000
0.588420 0.060757 0.044647 0.000000
0.585290 0.063187 0.046433 0.000000
0.582160 0.065617 0.048219 0.000000
0.579030 0.068047 0.050005 0.000000
0.575900 0.070478 0.051790 0.000000
0.572770 0.072908 0.053576 0.000000
0.569640 0.075338 0.055362 0.000000
0.566510 0.077769 0.057148 0.000000
0.563381 0.080199 0.058934 0.000000
0.560251 0.082629 0.060720 0.000000
0.557121 0.085059 0.062506 0.000000
0.553991 0.087490 0.064292 0.000000
0.550861 0.089920 0.066077 0.000000
0.547731 0.092350 0.067863 0.000000
0.544601 0.094780 0.069649 0.000000
0.541471 0.097211 0.071435 0.000000
0.538341 0.099641 0.073221 0.000000
0.535212 0.102071 0.075007 0.000000
0.532082 0.104502 0.076793 0.000000
0.528952 0.106932 0.078579 0.000000
0.525822 0.109362 0.080365 0.000000
0.522692 0.111792 0.082150 0.000000
0.519562 0.114223 0.083936 0.000000
0.516432 0.116653 0.085722 0.000000
0.513302 0.119083 0.087508 0.000000
0.510172 0.121513 0.089294 0.000000
0.507043 0.123944 0.091080 0.000000
0.503913 0.126374 0.092866 0.000000
0.500783 0.128804 0.094652 0.000000
0.497653 0.131234 0.096437 0.000000
0.494523 0.133665 0.098223 0.000000
0.491393 0.136095 0.100009 0.000000
0.488263 0.138525 0.101795 0.000000
0.485133 0.140956 0.103581 0.000000
0.482003 0.143386 0.105367 0.000000
0.478873 0.145816 0.107153 0.000000
0.475744 0.148246 0.108939 0.000000
0.472614 0.150677 0.110724 0.000000
0.469484 0.153107 0.112510 0.000000
0.466354 0.155537 0.114296 0.000000
0.463224 0.157967 0.116082 0.000000
0.460094 0.160398 0.117868 0.000000
0.456964 0.162828 0.119654 0.000000
0.453834 0.165258 0.121440 0.000000
0.450704 0.167688 0.123226 0.000000
0.447575 0.170119 0.125011 0.000000
0.444445 0.172549 0.126797 0.000000
0.441315 0.174979 0.128583 0.000000
0.438185 0.177410 0.130369 0.000000
0.435055 0.179840 0.132155 0.000000
0.431925 0.182270 0.133941 0.000000
0.428795 0.184700 0.135727 0.000000
0.425665 0.187131 0.137513 0.000000
0.422535 0.189561 0.139298 0.000000
0.419406 0.191991 0.141084 0.000000
0.416276 0.194421 0.142870 0.000000
0.413146 0.196852 0.144656 0.000000
0.410016 0.199282 0.146442 0.000000
0.406886 0.201712 0.148228 0.000000
0.403756 0.204142 0.150014 0.000000
0.400626 0.206573 0.151800 0.000000
0.397496 0.209003 0.153585 0.000000
0.394366 0.211433 0.155371 0.000000
0.391236 0.213864 0.157157 0.000000
0.388107 0.216294 0.158943 0.000000
0.384977 0.218724 0.160729 0.000000
0.381847 0.221154 0.162515 0.000000
0.378717 0.223585 0.164301 0.000000
0.375587 0.226015 0.166087 0.000000
0.372457 0.228445 0.167873 0.000000
0.369327 0.230875 0.169658 0.000000
0.366197 0.233306 0.171444 0.000000
0.363067 0.235736 0.173230 0.000000
0.359938 0.238166 0.175016 0.000000
0.356808 0.240597 0.176802 0.000000
0.353678 0.243027 0.178588 0.000000
0.350548 0.245457 0.180374 0.000000
0.347418 0.247887 0.182160 0.000000
0.344288 0.250318 0.183945 0.000000
0.341158 0.252748 0.185731 0.000000
0.338028 0.255178 0.187517 0.000000
0.334898 0.257608 0.189303 0.000000
0.331769 0.260039 0.191089 0.000000
0.328639 0.262469 0.192875 0.000000
0.325509 0.264899 0.194661 0.000000
0.322379 0.267329 0.196447 0.000000
0.319249 0.269760 0.198232 0.000000
0.316119 0.272190 0.200018 0.000000
0.312989 0.274620 0.201804 0.000000
0.309859 0.277050 0.203590 0.000000
0.306729 0.279481 0.205376 0.000000
0.303600 0.281911 0.207162 0.000000
0.300470 0.284341 0.208948 0.000000
0.297340 0.286772 0.210734 0.000000
0.294210 0.289202 0.212519 0.000000
0.291080 0.291632 0.214305 0.000000
0.287950 0.294062 0.216091 0.000000
0.284820 0.296493 0.217877 0.000000
0.281690 0.298923 0.219663 0.000000
0.278560 0.301353 0.221449 0.000000
0.275430 0.303783 0.223235 0.000000
0.272301 0.306214 0.225021 0.000000
0.269171 0.308644 0.226806 0.000000
0.266041 0.311074 0.228592 0.000000
0.262911 0.313505 0.230378 0.000000
0.259781 0.315935 0.232164 0.000000
0.256651 0.318365 0.233950 0.000000
0.253521 0.320795 0.235736 0.000000
0.250391 0.323226 0.237522 0.000000
0.247261 0.325656 0.239308 0.000000
0.244132 0.328086 0.241094 0.000000
0.241002 0.330516 0.242879 0.000000
0.237872 0.332947 0.244665 0.000000
0.234742 0.335377 0.246451 0.000000
0.231612 0.337807 0.248237 0.000000
0.228482 0.340237 0.250023 0.000000
0.225352 0.342668 0.251809 0.000000
0.222222 0.345098 0.253595 0.000000
0.219092 0.347528 0.255381 0.000000
0.215963 0.349959 0.257166 0.000000
0.212833 0.352389 0.258952 0.000000
0.209703 0.354819 0.260738 0.000000
0.206573 0.357249 0.262524 0.000000
0.203443 0.359680 0.264310 0.000000
0.200313 0.362110 0.266096 0.000000
0.197183 0.364540 0.267882 0.000000
0.194053 0.366970 0.269668 0.000000
0.190923 0.369401 0.271453 0.000000
0.187793 0.371831 0.273239 0.000000
0.184664 0.374261 0.275025 0.000000
0.181534 0.376691 0.276811 0.000000
0.178404 0.379122 0.278597 0.000000
0.175274 0.381552 0.280383 0.000000
0.172144 0.383982 0.282169 0.000000
0.169014 0.386413 0.283955 0.000000
0.165884 0.388843 0.285740 0.000000
0.162754 0.391273 0.287526 0.000000
0.159624 0.393703 0.289312 0.000000
0.156495 0.396134 0.291098 0.000000
0.153365 0.398564 0.292884 0.000000
0.150235 0.400994 0.294670 0.000000
0.147105 0.403424 0.296456 0.000000
0.143975 0.405855 0.298242 0.000000
0.140845 0.408285 0.300027 0.000000
0.137715 0.410715 0.301813 0.000000
0.134585 0.413145 0.303599 0.000000
0.131455 0.415576 0.305385 0.000000
0.128326 0.418006 0.307171 0.000000
0.125196 0.420436 0.308957 0.000000
0.122066 0.422867 0.310743 0.000000
0.118936 0.425297 0.312529 0.000000
0.115806 0.427727 0.314315 0.000000
0.112676 0.430157 0.316100 0.000000
0.109546 0.432588 0.317886 0.000000
0.106416 0.435018 0.319672 0.000000
0.103286 0.437448 0.321458 0.000000
0.100157 0.439878 0.323244 0.000000
0.097027 0.442309 0.325030 0.000000
0.093897 0.444739 0.326816 0.000000
0.090767 0.447169 0.328602 0.000000
0.087637 0.449600 0.330387 0.000000
0.084507 0.452030 0.332173 0.000000
0.081377 0.454460 0.333959 0.000000
0.078247 0.456890 0.335745 0.000000
0.075117 0.459321 0.337531 0.000000
0.071988 0.461751 0.339317 0.000000
0.068858 0.464181 0.341103 0.000000
0.065728 0.466611 0.342889 0.000000
0.062598 0.469042 0.344674 0.000000
0.059468 0.471472 0.346460 0.000000
0.056338 0.473902 0.348246 0.000000
0.053208 0.476332 0.350032 0.000000
0.050078 0.478763 0.351818 0.000000
0.046948 0.481193 0.353604 0.000000
0.043818 0.483623 0.355390 0.000000
0.040689 0.486054 0.357176 0.000000
0.037559 0.488484 0.358961 0.000000
0.034429 0.490914 0.360747 0.000000
0.031299 0.493344 0.362533 0.000000
0.028169 0.495775 0.364319 0.000000
0.025039 0.498205 0.366105 0.000000
0.021909 0.500635 0.367891 0.000000
0.018779 0.503065 0.369677 0.000000
0.015649 0.505496 0.371463 0.000000
0.012520 0.507926 0.373248 0.000000
0.009390 0.510356 0.375034 0.000000
0.006260 0.512786 0.376820 0.000000
0.003130 0.515217 0.378606 0.000000
0.000000 0.517647 0.380392 0.000000
0.000000 0.509897 0.371335 0.013307
0.000000 0.502147 0.362278 0.026614
0.000000 0.494398 0.353221 0.039922
0.000000 0.486648 0.344164 0.053229
0.000000 0.478898 0.335107 0.066536
0.000000 0.471148 0.326050 0.079843
0.000000 0.463399 0.316993 0.093151
0.000000 0.455649 0.307936 0.106458
0.000000 0.447899 0.298879 0.119765
0.000000 0.440149 0.289822 0.133072
0.000000 0.432400 0.280766 0.146380
0.000000 0.424650 0.271709 0.159687
0.000000 0.416900 0.262652 0.172994
0.000000 0.409150 0.253595 0.186301
0.000000 0.401401 0.244538 0.199609
0.000000 0.393651 0.235481 0.212916
0.000000 0.385901 0.226424 0.226223
0.000000 0.378151 0.217367 0.239530
0.000000 0.370402 0.208310 0.252838
0.000000 0.362652 0.199253 0.266145
0.000000 0.354902 0.190196 0.279452
0.000000 0.347152 0.181139 0.292759
0.000000 0.339402 0.172082 0.306066
0.000000 0.331653 0.163025 0.319374
0.000000 0.323903 0.153968 0.332681
0.000000 0.316153 0.144911 0.345988
0.000000 0.308403 0.135854 0.359295
0.000000 0.300654 0.126797 0.372603
0.000000 0.292904 0.117740 0.385910
0.000000 0.285154 0.108683 0.399217
0.000000 0.277404 0.099626 0.412524
0.000000 0.269655 0.090570 0.425832
0.000000 0.261905 0.081513 0.439139
0.000000 0.254155 0.072456 0.452446
0.000000 0.246405 0.063399 0.465753
0.000000 0.238656 0.054342 0.479061
0.000000 0.230906 0.045285 0.492368
0.000000 0.223156 0.036228 0.505675
0.000000 0.215406 0.027171 0.518982
0.000000 0.207657 0.018114 0.532290
0.000000 0.199907 0.009057 0.545597
0.000000 0.192157 0.000000 0.558904
