0.329412 0.329412 0.494118 0.001353
0.329499 0.329499 0.494205 0.001353
0.329586 0.329586 0.494292 0.001353
0.329673 0.329673 0.494379 0.001353
0.329761 0.329761 0.494467 0.001353
0.329848 0.329848 0.494554 0.001353
0.329935 0.329935 0.494641 0.001353
0.330022 0.330022 0.494728 0.001353
0.330109 0.330109 0.494815 0.001353
0.330196 0.330196 0.494902 0.001353
0.330283 0.330283 0.494989 0.001353
0.330370 0.330370 0.495076 0.001353
0.330458 0.330458 0.495164 0.001353
0.330545 0.330545 0.495251 0.001353
0.330632 0.330632 0.495338 0.001353
0.330719 0.330719 0.495425 0.001353
0.330806 0.330806 0.495512 0.001353
0.330893 0.330893 0.495599 0.001353
0.330980 0.330980 0.495686 0.001353
0.331068 0.331068 0.495774 0.001353
0.331155 0.331155 0.495861 0.001353
0.331242 0.331242 0.495948 0.001353
0.331329 0.331329 0.496035 0.001353
0.331416 0.331416 0.496122 0.001353
0.331503 0.331503 0.496209 0.001353
0.331590 0.331590 0.496296 0.001353
0.331677 0.331677 0.496383 0.001353
0.331765 0.331765 0.496471 0.001353
0.331852 0.331852 0.496558 0.001353
0.331939 0.331939 0.496645 0.001353
0.332026 0.332026 0.496732 0.001353
0.332113 0.332113 0.496819 0.001353
0.332200 0.332200 0.496906 0.001353
0.332287 0.332287 0.496993 0.001353
0.332375 0.332375 0.497081 0.001353
0.332462 0.332462 0.497168 0.001353
0.332549 0.332549 0.497255 0.001353
0.332636 0.332636 0.497342 0.001353
0.332723 0.332723 0.497429 0.001353
0.332810 0.332810 0.497516 0.001353
0.332897 0.332897 0.497603 0.001353
0.332984 0.332984 0.497690 0.001353
0.333072 0.333072 0.497778 0.001353
0.333159 0.333159 0.497865 0.001353
0.333246 0.333246 0.497952 0.001353
0.333333 0.333333 0.498039 0.001353
0.333333 0.333333 0.498039 0.001356
0.333333 0.333333 0.498039 0.001360
0.333333 0.333333 0.498039 0.001363
0.333333 0.333333 0.498039 0.001366
0.333333 0.333333 0.498039 0.001370
0.333333 0.333333 0.498039 0.001373
0.333333 0.333333 0.498039 0.001376
0.333333 0.333333 0.498039 0.001380
0.333333 0.333333 0.498039 0.001383
0.333333 0.333333 0.498039 0.001386
0.333333 0.333333 0.498039 0.001390
0.333333 0.333333 0.498039 0.001393
0.333333 0.333333 0.498039 0.001396
0.333333 0.333333 0.498039 0.001399
0.333333 0.333333 0.498039 0.001403
0.333333 0.333333 0.498039 0.001406
0.333333 0.333333 0.498039 0.001409
0.333333 0.333333 0.498039 0.001413
0.333333 0.333333 0.498039 0.001416
0.333333 0.333333 0.498039 0.001419
0.333333 0.333333 0.498039 0.001423
0.333333 0.333333 0.498039 0.001426
0.333333 0.333333 0.498039 0.001429
0.333333 0.333333 0.498039 0.001433
0.333333 0.333333 0.498039 0.001436
0.333333 0.333333 0.498039 0.001439
0.333333 0.333333 0.498039 0.001443
0.333333 0.333333 0.498039 0.001446
0.333333 0.333333 0.498039 0.001449
0.333333 0.333333 0.498039 0.001453
0.333333 0.333333 0.498039 0.001456
0.333333 0.333333 0.498039 0.001459
0.333333 0.333333 0.498039 0.001463
0.333333 0.333333 0.498039 0.001466
0.333333 0.333333 0.498039 0.001469
0.333333 0.333333 0.498039 0.001473
0.333333 0.333333 0.498039 0.001476
0.333333 0.333333 0.498039 0.001479
0.333333 0.333333 0.498039 0.001483
0.333333 0.333333 0.498039 0.001486
0.333333 0.333333 0.498039 0.001489
0.333333 0.333333 0.498039 0.001493
0.333333 0.333333 0.498039 0.001496
0.333333 0.333333 0.498039 0.001499
0.333333 0.333333 0.498039 0.001503
0.333333 0.333333 0.498039 0.001506
0.333333 0.333333 0.498039 0.001509
0.333333 0.333333 0.498039 0.001513
0.333333 0.333333 0.498039 0.001516
0.333333 0.333333 0.498039 0.001519
0.333333 0.333333 0.498039 0.001523
0.333333 0.333333 0.498039 0.001526
0.333333 0.333333 0.498039 0.001529
0.333333 0.333333 0.498039 0.001533
0.333333 0.333333 0.498039 0.001536
0.333333 0.333333 0.498039 0.001539
0.333333 0.333333 0.498039 0.001542
0.333333 0.333333 0.498039 0.001546
0.333333 0.333333 0.498039 0.001549
0.333333 0.333333 0.498039 0.001552
0.333333 0.333333 0.498039 0.001556
0.333333 0.333333 0.498039 0.001559
0.333333 0.333333 0.498039 0.001562
0.333333 0.333333 0.498039 0.001566
0.333333 0.333333 0.498039 0.001569
0.333333 0.333333 0.498039 0.001572
0.333333 0.333333 0.498039 0.001576
0.333333 0.333333 0.498039 0.001579
0.333333 0.333333 0.498039 0.001582
0.333333 0.333333 0.498039 0.001586
0.333333 0.333333 0.498039 0.001589
0.333333 0.333333 0.498039 0.001592
0.333333 0.333333 0.498039 0.001596
0.333333 0.333333 0.498039 0.001599
0.333333 0.333333 0.498039 0.001602
0.333333 0.333333 0.498039 0.001606
0.333333 0.333333 0.498039 0.001609
0.333333 0.333333 0.498039 0.001612
0.333333 0.333333 0.498039 0.001616
0.333333 0.333333 0.498039 0.001619
0.333333 0.333333 0.498039 0.001622
0.333333 0.333333 0.498039 0.001626
0.333333 0.333333 0.498039 0.001629
0.333333 0.333333 0.498039 0.001632
0.333333 0.333333 0.498039 0.001636
0.333333 0.333333 0.498039 0.001639
0.333333 0.333333 0.498039 0.001642
0.333333 0.333333 0.498039 0.001646
0.333333 0.333333 0.498039 0.001649
0.333333 0.333333 0.498039 0.001652
0.333333 0.333333 0.498039 0.001656
0.333333 0.333333 0.498039 0.001659
0.333333 0.333333 0.498039 0.001662
0.333333 0.333333 0.498039 0.001666
0.333333 0.333333 0.498039 0.001669
0.333333 0.333333 0.498039 0.001672
0.333333 0.333333 0.498039 0.001676
0.333333 0.333333 0.498039 0.001679
0.333333 0.333333 0.498039 0.001682
0.333333 0.333333 0.498039 0.001685
0.333333 0.333333 0.498039 0.001689
0.333333 0.333333 0.498039 0.001692
0.333333 0.333333 0.498039 0.001695
0.333333 0.333333 0.498039 0.001699
0.333333 0.333333 0.498039 0.001702
0.333333 0.333333 0.498039 0.001705
0.333333 0.333333 0.498039 0.001709
0.333333 0.333333 0.498039 0.001712
0.333333 0.333333 0.498039 0.001715
0.333333 0.333333 0.498039 0.001719
0.333333 0.333333 0.498039 0.001722
0.333333 0.333333 0.498039 0.001725
0.333333 0.333333 0.498039 0.001729
0.333333 0.333333 0.498039 0.001732
0.333333 0.333333 0.498039 0.001735
0.333333 0.333333 0.498039 0.001739
0.333333 0.333333 0.498039 0.001742
0.333333 0.333333 0.498039 0.001745
0.333333 0.333333 0.498039 0.001749
0.333333 0.333333 0.498039 0.001752
0.333333 0.333333 0.498039 0.001755
0.333333 0.333333 0.498039 0.001759
0.333333 0.333333 0.498039 0.001762
0.333333 0.333333 0.498039 0.001765
0.333333 0.333333 0.498039 0.001769
0.333333 0.333333 0.498039 0.001772
0.333333 0.333333 0.498039 0.001775
0.333333 0.333333 0.498039 0.001779
0.333333 0.333333 0.498039 0.001782
0.333333 0.333333 0.498039 0.001785
0.333333 0.333333 0.498039 0.001789
0.333333 0.333333 0.498039 0.001792
0.333333 0.333333 0.498039 0.001795
0.333333 0.333333 0.498039 0.001799
0.333333 0.333333 0.498039 0.001802
0.333333 0.333333 0.498039 0.001805
0.333333 0.333333 0.498039 0.001809
0.333333 0.333333 0.498039 0.001812
0.333333 0.333333 0.498039 0.001815
0.333333 0.333333 0.498039 0.001819
0.333333 0.333333 0.498039 0.001822
0.333333 0.333333 0.498039 0.001825
0.333333 0.333333 0.498039 0.001829
0.333333 0.333333 0.498039 0.001832
0.333333 0.333333 0.498039 0.001835
0.333333 0.333333 0.498039 0.001838
0.333333 0.333333 0.498039 0.001842
0.333333 0.333333 0.498039 0.001845
0.333333 0.333333 0.498039 0.001848
0.333333 0.333333 0.498039 0.001852
0.333333 0.333333 0.498039 0.001855
0.333333 0.333333 0.498039 0.001858
0.333333 0.333333 0.498039 0.001862
0.333333 0.333333 0.498039 0.001865
0.333333 0.333333 0.498039 0.001868
0.333333 0.333333 0.498039 0.001872
0.333333 0.333333 0.498039 0.001875
0.333333 0.333333 0.498039 0.001878
0.333333 0.333333 0.498039 0.001882
0.333333 0.333333 0.498039 0.001885
0.333333 0.333333 0.498039 0.001888
0.333333 0.333333 0.498039 0.001892
0.333333 0.333333 0.498039 0.001895
0.333333 0.333333 0.498039 0.001898
0.333333 0.333333 0.498039 0.001902
0.333333 0.333333 0.498039 0.001905
0.333333 0.333333 0.498039 0.001908
0.333333 0.333333 0.498039 0.001912
0.333333 0.333333 0.498039 0.001915
0.333333 0.333333 0.498039 0.001918
0.333333 0.333333 0.498039 0.001922
0.333333 0.333333 0.498039 0.001925
0.333333 0.333333 0.498039 0.001928
0.333333 0.333333 0.498039 0.001932
0.333333 0.333333 0.498039 0.001935
0.333333 0.333333 0.498039 0.001938
0.333333 0.333333 0.498039 0.001942
0.333333 0.333333 0.498039 0.001945
0.333333 0.333333 0.498039 0.001948
0.333333 0.333333 0.498039 0.001952
0.333333 0.333333 0.498039 0.001955
0.333333 0.333333 0.498039 0.001958
0.333333 0.333333 0.498039 0.001962
0.333333 0.333333 0.498039 0.001965
0.333333 0.333333 0.498039 0.001968
0.333333 0.333333 0.498039 0.001972
0.333333 0.333333 0.498039 0.001975
0.333333 0.333333 0.498039 0.001978
0.333333 0.333333 0.498039 0.001981
0.333333 0.333333 0.498039 0.001985
0.333333 0.333333 0.498039 0.001988
0.333333 0.333333 0.498039 0.001991
0.333333 0.333333 0.498039 0.001995
0.333333 0.333333 0.498039 0.001998
0.333333 0.333333 0.498039 0.002001
0.333333 0.333333 0.498039 0.002005
0.333333 0.333333 0.498039 0.002008
0.333333 0.333333 0.498039 0.002011
0.333333 0.333333 0.498039 0.002015
0.333333 0.333333 0.498039 0.002018
0.333333 0.333333 0.498039 0.002021
0.333333 0.333333 0.498039 0.002025
0.333333 0.333333 0.498039 0.002028
0.333333 0.333333 0.498039 0.002031
0.333333 0.333333 0.498039 0.002035
0.333333 0.333333 0.498039 0.002038
0.333333 0.333333 0.498039 0.002041
0.333333 0.333333 0.498039 0.002045
0.333333 0.333333 0.498039 0.002048
1.000000 1.000000 1.000000 0.001365
