0.666667 0.000000 0.000000 -0.000000
0.670251 0.003584 0.000000 0.000015
0.673835 0.007168 0.000000 0.000029
0.677420 0.010753 0.000000 0.000044
0.681004 0.014337 0.000000 0.000059
0.684588 0.017921 0.000000 0.000073
0.688172 0.021505 0.000000 0.000088
0.691757 0.025090 0.000000 0.000103
0.695341 0.028674 0.000000 0.000117
0.698925 0.032258 0.000000 0.000132
0.702509 0.035842 0.000000 0.000147
0.706093 0.039426 0.000000 0.000161
0.709678 0.043011 0.000000 0.000176
0.713262 0.046595 0.000000 0.000191
0.716846 0.050179 0.000000 0.000205
0.720430 0.053763 0.000000 0.000220
0.724015 0.057348 0.000000 0.000235
0.727599 0.060932 0.000000 0.000250
0.731183 0.064516 0.000000 0.000264
0.734767 0.068100 0.000000 0.000279
0.738352 0.071685 0.000000 0.000294
0.741936 0.075269 0.000000 0.000308
0.745520 0.078853 0.000000 0.000323
0.749104 0.082437 0.000000 0.000338
0.752688 0.086021 0.000000 0.000352
0.756273 0.089606 0.000000 0.000367
0.759857 0.093190 0.000000 0.000382
0.763441 0.096774 0.000000 0.000396
0.767025 0.100358 0.000000 0.000411
0.770610 0.103943 0.000000 0.000426
0.774194 0.107527 0.000000 0.000440
0.777778 0.111111 0.000000 0.000455
0.781362 0.114695 0.000000 0.000470
0.784946 0.118279 0.000000 0.000484
0.788531 0.121864 0.000000 0.000499
0.792115 0.125448 0.000000 0.000514
0.795699 0.129032 0.000000 0.000528
0.799283 0.132616 0.000000 0.000543
0.802868 0.136201 0.000000 0.000558
0.806452 0.139785 0.000000 0.000572
0.810036 0.143369 0.000000 0.000587
0.813620 0.146953 0.000000 0.000602
0.817204 0.150537 0.000000 0.000616
0.820789 0.154122 0.000000 0.000631
0.824373 0.157706 0.000000 0.000646
0.827957 0.161290 0.000000 0.000660
0.831541 0.164874 0.000000 0.000675
0.835126 0.168459 0.000000 0.000690
0.838710 0.172043 0.000000 0.000705
0.842294 0.175627 0.000000 0.000719
0.845878 0.179211 0.000000 0.000734
0.849463 0.182796 0.000000 0.000749
0.853047 0.186380 0.000000 0.000763
0.856631 0.189964 0.000000 0.000778
0.860215 0.193548 0.000000 0.000793
0.863799 0.197132 0.000000 0.000807
0.867384 0.200717 0.000000 0.000822
0.870968 0.204301 0.000000 0.000837
0.874552 0.207885 0.000000 0.000851
0.878136 0.211469 0.000000 0.000866
0.881721 0.215054 0.000000 0.000881
0.885305 0.218638 0.000000 0.000895
0.888889 0.222222 0.000000 0.000910
0.892473 0.225806 0.000000 0.000925
0.896057 0.229390 0.000000 0.000939
0.899642 0.232975 0.000000 0.000954
0.903226 0.236559 0.000000 0.000969
0.906810 0.240143 0.000000 0.000983
0.910394 0.243727 0.000000 0.000998
0.913979 0.247312 0.000000 0.001013
0.917563 0.250896 0.000000 0.001027
0.921147 0.254480 0.000000 0.001042
0.924731 0.258064 0.000000 0.001057
0.928315 0.261648 0.000000 0.001071
0.931900 0.265233 0.000000 0.001086
0.935484 0.268817 0.000000 0.001101
0.939068 0.272401 0.000000 0.001115
0.942652 0.275985 0.000000 0.001130
0.946237 0.279570 0.000000 0.001145
0.949821 0.283154 0.000000 0.001160
0.953405 0.286738 0.000000 0.001174
0.956989 0.290322 0.000000 0.001189
0.960573 0.293907 0.000000 0.001204
0.964158 0.297491 0.000000 0.001218
0.967742 0.301075 0.000000 0.001233
0.971326 0.304659 0.000000 0.001248
0.974910 0.308243 0.000000 0.001262
0.978495 0.311828 0.000000 0.001277
0.982079 0.315412 0.000000 0.001292
0.985663 0.318996 0.000000 0.001306
0.989247 0.322580 0.000000 0.001321
0.992832 0.326165 0.000000 0.001336
0.996416 0.329749 0.000000 0.001350
1.000000 0.333333 0.000000 0.001365
1.000000 0.335714 0.003557 0.010070
1.000000 0.338095 0.007115 0.018776
1.000000 0.340476 0.010672 0.027481
1.000000 0.342857 0.014230 0.036186
1.000000 0.345238 0.017787 0.044891
1.000000 0.347619 0.021345 0.053597
1.000000 0.350000 0.024902 0.062302
1.000000 0.352381 0.028459 0.071007
1.000000 0.354762 0.032017 0.079713
1.000000 0.357143 0.035574 0.088418
1.000000 0.359524 0.039132 0.097123
1.000000 0.361904 0.042689 0.105828
1.000000 0.364285 0.046247 0.114534
1.000000 0.366666 0.049804 0.123239
1.000000 0.369047 0.053361 0.131944
1.000000 0.371428 0.056919 0.140650
1.000000 0.373809 0.060476 0.149355
1.000000 0.376190 0.064034 0.158060
1.000000 0.378571 0.067591 0.166765
1.000000 0.380952 0.071149 0.175471
1.000000 0.383333 0.074706 0.184176
1.000000 0.385714 0.078263 0.192881
1.000000 0.388095 0.081821 0.201587
1.000000 0.390476 0.085378 0.210292
1.000000 0.392857 0.088936 0.218997
1.000000 0.395238 0.092493 0.227702
1.000000 0.397619 0.096051 0.236408
1.000000 0.400000 0.099608 0.245113
1.000000 0.402381 0.103165 0.253818
1.000000 0.404762 0.106723 0.262524
1.000000 0.407143 0.110280 0.271229
1.000000 0.409524 0.113838 0.279934
1.000000 0.411905 0.117395 0.288639
1.000000 0.414286 0.120953 0.297345
1.000000 0.416667 0.124510 0.306050
1.000000 0.419047 0.128067 0.314755
1.000000 0.421428 0.131625 0.323461
1.000000 0.423809 0.135182 0.332166
1.000000 0.426190 0.138740 0.340871
1.000000 0.428571 0.142297 0.349576
1.000000 0.430952 0.145855 0.358282
1.000000 0.433333 0.149412 0.366987
1.000000 0.435714 0.152969 0.375692
1.000000 0.438095 0.156527 0.384398
1.000000 0.440476 0.160084 0.393103
1.000000 0.442857 0.163642 0.401808
1.000000 0.445238 0.167199 0.410513
1.000000 0.447619 0.170757 0.419219
1.000000 0.450000 0.174314 0.427924
1.000000 0.452381 0.177871 0.436629
1.000000 0.454762 0.181429 0.445335
1.000000 0.457143 0.184986 0.454040
1.000000 0.459524 0.188544 0.462745
1.000000 0.461905 0.192101 0.471450
1.000000 0.464286 0.195659 0.480156
1.000000 0.466667 0.199216 0.488861
1.000000 0.469048 0.202773 0.497566
1.000000 0.471429 0.206331 0.506272
1.000000 0.473809 0.209888 0.514977
1.000000 0.476190 0.213446 0.523682
1.000000 0.478571 0.217003 0.532387
1.000000 0.480952 0.220561 0.541093
1.000000 0.483333 0.224118 0.549798
1.000000 0.485714 0.227675 0.558503
1.000000 0.488095 0.231233 0.567209
1.000000 0.490476 0.234790 0.575914
1.000000 0.492857 0.238348 0.584619
1.000000 0.495238 0.241905 0.593324
1.000000 0.497619 0.245463 0.602030
1.000000 0.500000 0.249020 0.610735
1.000000 0.501812 0.251727 0.604111
1.000000 0.503623 0.254433 0.597488
1.000000 0.505435 0.257140 0.590864
1.000000 0.507246 0.259847 0.584241
1.000000 0.509058 0.262554 0.577617
1.000000 0.510870 0.265260 0.570993
1.000000 0.512681 0.267967 0.564370
1.000000 0.514493 0.270674 0.557746
1.000000 0.516304 0.273381 0.551123
1.000000 0.518116 0.276087 0.544499
1.000000 0.519928 0.278794 0.537876
1.000000 0.521739 0.281501 0.531252
1.000000 0.523551 0.284207 0.524628
1.000000 0.525362 0.286914 0.518005
1.000000 0.527174 0.289621 0.511381
1.000000 0.528986 0.292328 0.504758
1.000000 0.530797 0.295034 0.498134
1.000000 0.532609 0.297741 0.491510
1.000000 0.534420 0.300448 0.484887
1.000000 0.536232 0.303155 0.478263
1.000000 0.538044 0.305861 0.471640
1.000000 0.539855 0.308568 0.465016
1.000000 0.541667 0.311275 0.458393
1.000000 0.543478 0.313981 0.451769
1.000000 0.545290 0.316688 0.445145
1.000000 0.547102 0.319395 0.438522
1.000000 0.548913 0.322102 0.431898
1.000000 0.550725 0.324808 0.425275
1.000000 0.552536 0.327515 0.418651
1.000000 0.554348 0.330222 0.412027
1.000000 0.556159 0.332929 0.405404
1.000000 0.557971 0.335635 0.398780
1.000000 0.559783 0.338342 0.392157
1.000000 0.561594 0.341049 0.385533
1.000000 0.563406 0.343755 0.378909
1.000000 0.565217 0.346462 0.372286
1.000000 0.567029 0.349169 0.365662
1.000000 0.568841 0.351876 0.359039
1.000000 0.570652 0.354582 0.352415
1.000000 0.572464 0.357289 0.345792
1.000000 0.574275 0.359996 0.339168
1.000000 0.576087 0.362703 0.332544
1.000000 0.577899 0.365409 0.325921
1.000000 0.579710 0.368116 0.319297
1.000000 0.581522 0.370823 0.312674
1.000000 0.583333 0.373529 0.306050
1.000000 0.585145 0.376236 0.299426
1.000000 0.586957 0.378943 0.292803
1.000000 0.588768 0.381650 0.286179
1.000000 0.590580 0.384356 0.279556
1.000000 0.592391 0.387063 0.272932
1.000000 0.594203 0.389770 0.266308
1.000000 0.596015 0.392477 0.259685
1.000000 0.597826 0.395183 0.253061
1.000000 0.599638 0.397890 0.246438
1.000000 0.601449 0.400597 0.239814
1.000000 0.603261 0.403304 0.233191
1.000000 0.605073 0.406010 0.226567
1.000000 0.606884 0.408717 0.219943
1.000000 0.608696 0.411424 0.213320
1.000000 0.610507 0.414130 0.206696
1.000000 0.612319 0.416837 0.200073
1.000000 0.614131 0.419544 0.193449
1.000000 0.615942 0.422251 0.186825
1.000000 0.617754 0.424957 0.180202
1.000000 0.619565 0.427664 0.173578
1.000000 0.621377 0.430371 0.166955
1.000000 0.623189 0.433078 0.160331
1.000000 0.625000 0.435784 0.153707
1.000000 0.626812 0.438491 0.147084
1.000000 0.628623 0.441198 0.140460
1.000000 0.630435 0.443904 0.133837
1.000000 0.632247 0.446611 0.127213
1.000000 0.634058 0.449318 0.120590
1.000000 0.635870 0.452025 0.113966
1.000000 0.637681 0.454731 0.107342
1.000000 0.639493 0.457438 0.100719
1.000000 0.641305 0.460145 0.094095
1.000000 0.643116 0.462852 0.087472
1.000000 0.644928 0.465558 0.080848
1.000000 0.646739 0.468265 0.074224
1.000000 0.648551 0.470972 0.067601
1.000000 0.650363 0.473678 0.060977
1.000000 0.652174 0.476385 0.054354
1.000000 0.653986 0.479092 0.047730
1.000000 0.655797 0.481799 0.041107
1.000000 0.657609 0.484505 0.034483
1.000000 0.659421 0.487212 0.027859
1.000000 0.661232 0.489919 0.021236
1.000000 0.663044 0.492626 0.014612
1.000000 0.664855 0.495332 0.007989
1.000000 0.666667 0.498039 0.001365
