0.000000 0.000000 0.000000 0.002673
0.000000 0.000000 0.000067 0.002673
0.000000 0.000000 0.000134 0.002673
0.000000 0.000000 0.000200 0.002673
0.000000 0.000000 0.000267 0.002673
0.000000 0.000000 0.000334 0.002673
0.000000 0.000000 0.000401 0.002673
0.000000 0.000000 0.000468 0.002673
0.000000 0.000000 0.000535 0.002673
0.000000 0.000000 0.000601 0.002673
0.000000 0.000000 0.000668 0.002673
0.000000 0.000000 0.000735 0.002673
0.000000 0.000000 0.000802 0.002673
0.000000 0.000000 0.000869 0.002673
0.000000 0.000000 0.000936 0.002673
0.000000 0.000000 0.001002 0.002673
0.000000 0.000000 0.001069 0.002673
0.000000 0.000000 0.001136 0.002673
0.000000 0.000000 0.001203 0.002673
0.000000 0.000000 0.001270 0.002673
0.000000 0.000000 0.001336 0.002673
0.000000 0.000000 0.001403 0.002673
0.000000 0.000000 0.001470 0.002673
0.000000 0.000000 0.001537 0.002673
0.000000 0.000000 0.001604 0.002673
0.000000 0.000000 0.001671 0.002673
0.000000 0.000000 0.001737 0.002673
0.000000 0.000000 0.001804 0.002673
0.000000 0.000000 0.001871 0.002673
0.000000 0.000000 0.001938 0.002673
0.000000 0.000000 0.002005 0.002673
0.000000 0.000000 0.002071 0.002673
0.000000 0.000000 0.002138 0.002673
0.000000 0.000000 0.002205 0.002673
0.000000 0.000000 0.002272 0.002673
0.000000 0.000000 0.002339 0.002673
0.000000 0.000000 0.002406 0.002673
0.000000 0.000000 0.002472 0.002673
0.000000 0.000000 0.002539 0.002673
0.000000 0.000000 0.002606 0.002673
0.000000 0.000000 0.002673 0.002673
0.000089 0.000089 0.002514 0.002568
0.000171 0.000171 0.002360 0.002462
0.000246 0.000246 0.002210 0.002357
0.000313 0.000313 0.002064 0.002252
0.000373 0.000373 0.001923 0.002146
0.000425 0.000425 0.001786 0.002041
0.000470 0.000470 0.001653 0.001936
0.000508 0.000508 0.001525 0.001830
0.000539 0.000539 0.001402 0.001725
0.000562 0.000562 0.001282 0.001620
0.000578 0.000578 0.001167 0.001514
0.000587 0.000587 0.001057 0.001409
0.000588 0.000588 0.000951 0.001304
0.000583 0.000583 0.000849 0.001198
0.000569 0.000569 0.000751 0.001093
0.000549 0.000549 0.000658 0.000988
0.000521 0.000521 0.000570 0.000882
0.000486 0.000486 0.000486 0.000777
0.000551 0.000551 0.000551 0.000877
0.000617 0.000617 0.000617 0.000977
0.000683 0.000683 0.000683 0.001076
0.000751 0.000751 0.000751 0.001176
0.000818 0.000818 0.000818 0.001276
0.000887 0.000887 0.000887 0.001376
0.000956 0.000956 0.000956 0.001475
0.001026 0.001026 0.001026 0.001575
0.001096 0.001096 0.001096 0.001675
0.001168 0.001168 0.001168 0.001775
0.001239 0.001239 0.001239 0.001875
0.001312 0.001312 0.001312 0.001974
0.001385 0.001385 0.001385 0.002074
0.001459 0.001459 0.001459 0.002174
0.001533 0.001533 0.001533 0.002274
0.001608 0.001608 0.001608 0.002374
0.001684 0.001684 0.001684 0.002473
0.001761 0.001761 0.001761 0.002573
0.001838 0.001838 0.001838 0.002673
0.001788 0.001788 0.001788 0.002590
0.001738 0.001738 0.001738 0.002508
0.001687 0.001687 0.001687 0.002426
0.001636 0.001636 0.001636 0.002343
0.001585 0.001585 0.001585 0.002261
0.001533 0.001533 0.001533 0.002178
0.001481 0.001481 0.001481 0.002096
0.001428 0.001428 0.001428 0.002013
0.001375 0.001375 0.001375 0.001931
0.001321 0.001321 0.001321 0.001849
0.001267 0.001267 0.001267 0.001766
0.001212 0.001212 0.001212 0.001684
0.001157 0.001157 0.001157 0.001601
0.001102 0.001102 0.001102 0.001519
0.001046 0.001046 0.001046 0.001436
0.000990 0.000990 0.000990 0.001354
0.000933 0.000933 0.000933 0.001272
0.000876 0.000876 0.000876 0.001189
0.000818 0.000818 0.000818 0.001107
0.000760 0.000760 0.000760 0.001024
0.000701 0.000701 0.000701 0.000942
0.000642 0.000642 0.000642 0.000859
0.000583 0.000583 0.000583 0.000777
0.000641 0.000617 0.000617 0.000859
0.000700 0.000645 0.000645 0.000942
0.000757 0.000668 0.000668 0.001024
0.000814 0.000686 0.000686 0.001107
0.000870 0.000698 0.000698 0.001189
0.000926 0.000705 0.000705 0.001272
0.000981 0.000706 0.000706 0.001354
0.001036 0.000703 0.000703 0.001436
0.001090 0.000693 0.000693 0.001519
0.001143 0.000679 0.000679 0.001601
0.001196 0.000659 0.000659 0.001684
0.001248 0.000634 0.000634 0.001766
0.001299 0.000603 0.000603 0.001849
0.001350 0.000567 0.000567 0.001931
0.001401 0.000525 0.000525 0.002014
0.001450 0.000478 0.000478 0.002096
0.001500 0.000426 0.000426 0.002178
0.001548 0.000369 0.000369 0.002261
0.001596 0.000306 0.000306 0.002343
0.001643 0.000237 0.000237 0.002426
0.001690 0.000164 0.000164 0.002508
0.001736 0.000084 0.000084 0.002591
0.001782 0.000000 0.000000 0.002673
0.001741 0.000000 0.000061 0.002673
0.001701 0.000000 0.000121 0.002673
0.001660 0.000000 0.000182 0.002673
0.001620 0.000000 0.000243 0.002673
0.001579 0.000000 0.000304 0.002673
0.001539 0.000000 0.000364 0.002673
0.001498 0.000000 0.000425 0.002673
0.001458 0.000000 0.000486 0.002673
0.001417 0.000000 0.000547 0.002673
0.001377 0.000000 0.000607 0.002673
0.001336 0.000000 0.000668 0.002673
0.001296 0.000000 0.000729 0.002673
0.001255 0.000000 0.000790 0.002673
0.001215 0.000000 0.000850 0.002673
0.001174 0.000000 0.000911 0.002673
0.001134 0.000000 0.000972 0.002673
0.001093 0.000000 0.001033 0.002673
0.001053 0.000000 0.001093 0.002673
0.001012 0.000000 0.001154 0.002673
0.000972 0.000000 0.001215 0.002673
0.000931 0.000000 0.001276 0.002673
0.000891 0.000000 0.001336 0.002673
0.000850 0.000000 0.001397 0.002673
0.000810 0.000000 0.001458 0.002673
0.000769 0.000000 0.001519 0.002673
0.000729 0.000000 0.001579 0.002673
0.000688 0.000000 0.001640 0.002673
0.000648 0.000000 0.001701 0.002673
0.000607 0.000000 0.001762 0.002673
0.000567 0.000000 0.001822 0.002673
0.000526 0.000000 0.001883 0.002673
0.000486 0.000000 0.001944 0.002673
0.000445 0.000000 0.002005 0.002673
0.000405 0.000000 0.002065 0.002673
0.000364 0.000000 0.002126 0.002673
0.000324 0.000000 0.002187 0.002673
0.000283 0.000000 0.002248 0.002673
0.000243 0.000000 0.002308 0.002673
0.000202 0.000000 0.002369 0.002673
0.000162 0.000000 0.002430 0.002673
0.000121 0.000000 0.002491 0.002673
0.000081 0.000000 0.002551 0.002673
0.000040 0.000000 0.002612 0.002673
0.000000 0.000000 0.002673 0.002673
0.000014 0.000000 0.002651 0.002673
0.000029 0.000000 0.002630 0.002673
0.000043 0.000000 0.002608 0.002673
0.000057 0.000000 0.002587 0.002673
0.000072 0.000000 0.002565 0.002673
0.000086 0.000000 0.002544 0.002673
0.000101 0.000000 0.002522 0.002673
0.000115 0.000000 0.002500 0.002673
0.000129 0.000000 0.002479 0.002673
0.000144 0.000000 0.002457 0.002673
0.000158 0.000000 0.002436 0.002673
0.000172 0.000000 0.002414 0.002673
0.000187 0.000000 0.002393 0.002673
0.000201 0.000000 0.002371 0.002673
0.000216 0.000000 0.002350 0.002673
0.000230 0.000000 0.002328 0.002673
0.000244 0.000000 0.002306 0.002673
0.000259 0.000000 0.002285 0.002673
0.000273 0.000000 0.002263 0.002673
0.000287 0.000000 0.002242 0.002673
0.000302 0.000000 0.002220 0.002673
0.000316 0.000000 0.002199 0.002673
0.000331 0.000000 0.002177 0.002673
0.000345 0.000000 0.002156 0.002673
0.000359 0.000000 0.002134 0.002673
0.000374 0.000000 0.002112 0.002673
0.000388 0.000000 0.002091 0.002673
0.000402 0.000000 0.002069 0.002673
0.000417 0.000000 0.002048 0.002673
0.000431 0.000000 0.002026 0.002673
0.000445 0.000000 0.002005 0.002673
0.000453 0.000000 0.001993 0.002673
0.000461 0.000000 0.001981 0.002673
0.000469 0.000000 0.001969 0.002673
0.000477 0.000000 0.001957 0.002673
0.000485 0.000000 0.001945 0.002673
0.000493 0.000000 0.001933 0.002673
0.000501 0.000000 0.001921 0.002673
0.000509 0.000000 0.001909 0.002673
0.000517 0.000000 0.001897 0.002673
0.000525 0.000000 0.001885 0.002673
0.000533 0.000000 0.001873 0.002673
0.000541 0.000000 0.001861 0.002673
0.000549 0.000000 0.001850 0.002673
0.000557 0.000000 0.001838 0.002673
0.000565 0.000000 0.001826 0.002673
0.000573 0.000000 0.001814 0.002673
0.000581 0.000000 0.001802 0.002673
0.000589 0.000000 0.001790 0.002673
0.000597 0.000000 0.001778 0.002673
0.000605 0.000000 0.001766 0.002673
0.000613 0.000000 0.001754 0.002673
0.000620 0.000000 0.001742 0.002673
0.000628 0.000000 0.001730 0.002673
0.000636 0.000000 0.001718 0.002673
0.000644 0.000000 0.001706 0.002673
0.000652 0.000000 0.001694 0.002673
0.000660 0.000000 0.001682 0.002673
0.000668 0.000000 0.001671 0.002673
0.000676 0.000000 0.001659 0.002673
0.000684 0.000000 0.001647 0.002673
0.000692 0.000000 0.001635 0.002673
0.000700 0.000000 0.001623 0.002673
0.000708 0.000000 0.001611 0.002673
0.000716 0.000000 0.001599 0.002673
0.000724 0.000000 0.001587 0.002673
0.000732 0.000000 0.001575 0.002673
0.000740 0.000000 0.001563 0.002673
0.000748 0.000000 0.001551 0.002673
0.000756 0.000000 0.001539 0.002673
0.000764 0.000000 0.001527 0.002673
0.000772 0.000000 0.001515 0.002673
0.000780 0.000000 0.001503 0.002673
0.000788 0.000000 0.001492 0.002673
0.000795 0.000000 0.001480 0.002673
0.000803 0.000000 0.001468 0.002673
0.000811 0.000000 0.001456 0.002673
0.000819 0.000000 0.001444 0.002673
0.000827 0.000000 0.001432 0.002673
0.000835 0.000000 0.001420 0.002673
0.000843 0.000000 0.001408 0.002673
0.000851 0.000000 0.001396 0.002673
0.000859 0.000000 0.001384 0.002673
0.000867 0.000000 0.001372 0.002673
0.000875 0.000000 0.001360 0.002673
0.000883 0.000000 0.001348 0.002673
0.000891 0.000000 0.001336 0.002673
0.001782 0.000000 0.000000 0.002673
