0.000000 0.000000 0.000000 0.000000
0.000008 0.000008 0.000012 0.000024
0.000016 0.000016 0.000024 0.000049
0.000024 0.000024 0.000036 0.000073
0.000033 0.000033 0.000049 0.000098
0.000041 0.000041 0.000061 0.000122
0.000049 0.000049 0.000073 0.000146
0.000057 0.000057 0.000085 0.000171
0.000065 0.000065 0.000097 0.000195
0.000073 0.000073 0.000109 0.000219
0.000081 0.000081 0.000121 0.000244
0.000089 0.000089 0.000134 0.000268
0.000098 0.000098 0.000146 0.000293
0.000106 0.000106 0.000158 0.000317
0.000114 0.000114 0.000170 0.000341
0.000122 0.000122 0.000182 0.000366
0.000130 0.000130 0.000194 0.000390
0.000138 0.000138 0.000206 0.000415
0.000146 0.000146 0.000219 0.000439
0.000154 0.000154 0.000231 0.000463
0.000163 0.000163 0.000243 0.000488
0.000171 0.000171 0.000255 0.000512
0.000179 0.000179 0.000267 0.000536
0.000187 0.000187 0.000279 0.000561
0.000195 0.000195 0.000291 0.000585
0.000203 0.000203 0.000304 0.000610
0.000211 0.000211 0.000316 0.000634
0.000219 0.000219 0.000328 0.000658
0.000228 0.000228 0.000340 0.000683
0.000236 0.000236 0.000352 0.000707
0.000244 0.000244 0.000364 0.000732
0.000252 0.000252 0.000377 0.000756
0.000260 0.000260 0.000389 0.000780
0.000268 0.000268 0.000401 0.000805
0.000276 0.000276 0.000413 0.000829
0.000285 0.000285 0.000425 0.000854
0.000293 0.000293 0.000437 0.000878
0.000301 0.000301 0.000449 0.000902
0.000309 0.000309 0.000462 0.000927
0.000317 0.000317 0.000474 0.000951
0.000325 0.000325 0.000486 0.000975
0.000333 0.000333 0.000498 0.001000
0.000341 0.000341 0.000510 0.001024
0.000350 0.000350 0.000522 0.001049
0.000358 0.000358 0.000534 0.001073
0.000366 0.000366 0.000547 0.001097
0.000374 0.000374 0.000559 0.001122
0.000382 0.000382 0.000571 0.001146
0.000390 0.000390 0.000583 0.001171
0.000398 0.000398 0.000595 0.001195
0.000406 0.000406 0.000607 0.001219
0.000415 0.000415 0.000619 0.001244
0.000423 0.000423 0.000632 0.001268
0.000431 0.000431 0.000644 0.001292
0.000439 0.000439 0.000656 0.001317
0.000447 0.000447 0.000668 0.001341
0.000455 0.000455 0.000680 0.001366
0.000463 0.000463 0.000692 0.001390
0.000471 0.000471 0.000704 0.001414
0.000480 0.000480 0.000717 0.001439
0.000488 0.000488 0.000729 0.001463
0.000496 0.000496 0.000741 0.001488
0.000504 0.000504 0.000753 0.001512
0.000512 0.000512 0.000765 0.001536
0.000520 0.000520 0.000777 0.001561
0.000528 0.000528 0.000789 0.001585
0.000536 0.000536 0.000802 0.001609
0.000545 0.000545 0.000814 0.001634
0.000553 0.000553 0.000826 0.001658
0.000561 0.000561 0.000838 0.001683
0.000569 0.000569 0.000850 0.001707
0.000577 0.000577 0.000862 0.001731
0.000585 0.000585 0.000874 0.001756
0.000593 0.000593 0.000887 0.001780
0.000602 0.000602 0.000899 0.001805
0.000610 0.000610 0.000911 0.001829
0.000618 0.000618 0.000923 0.001853
0.000626 0.000626 0.000935 0.001878
0.000634 0.000634 0.000947 0.001902
0.000642 0.000642 0.000959 0.001927
0.000650 0.000650 0.000972 0.001951
0.000658 0.000658 0.000984 0.001975
0.000667 0.000667 0.000996 0.002000
0.000675 0.000675 0.001008 0.002024
0.000683 0.000683 0.001020 0.002048
0.000691 0.000691 0.001026 0.002048
0.000699 0.000699 0.001032 0.002048
0.000707 0.000707 0.001038 0.002048
0.000715 0.000715 0.001044 0.002048
0.000723 0.000723 0.001050 0.002048
0.000731 0.000731 0.001056 0.002048
0.000739 0.000739 0.001062 0.002048
0.000747 0.000747 0.001068 0.002048
0.000755 0.000755 0.001074 0.002048
0.000763 0.000763 0.001080 0.002048
0.000771 0.000771 0.001086 0.002048
0.000779 0.000779 0.001092 0.002048
0.000787 0.000787 0.001098 0.002048
0.000795 0.000795 0.001104 0.002048
0.000803 0.000803 0.001110 0.002048
0.000811 0.000811 0.001116 0.002048
0.000819 0.000819 0.001122 0.002048
0.000827 0.000827 0.001128 0.002048
0.000835 0.000835 0.001134 0.002048
0.000843 0.000843 0.001140 0.002048
0.000851 0.000851 0.001146 0.002048
0.000859 0.000859 0.001152 0.002048
0.000866 0.000866 0.001159 0.002048
0.000874 0.000874 0.001165 0.002048
0.000882 0.000882 0.001171 0.002048
0.000890 0.000890 0.001177 0.002048
0.000898 0.000898 0.001183 0.002048
0.000906 0.000906 0.001189 0.002048
0.000914 0.000914 0.001195 0.002048
0.000922 0.000922 0.001201 0.002048
0.000930 0.000930 0.001207 0.002048
0.000938 0.000938 0.001213 0.002048
0.000946 0.000946 0.001219 0.002048
0.000954 0.000954 0.001225 0.002048
0.000962 0.000962 0.001231 0.002048
0.000970 0.000970 0.001237 0.002048
0.000978 0.000978 0.001243 0.002048
0.000986 0.000986 0.001249 0.002048
0.000994 0.000994 0.001255 0.002048
0.001002 0.001002 0.001261 0.002048
0.001010 0.001010 0.001267 0.002048
0.001018 0.001018 0.001273 0.002048
0.001026 0.001026 0.001279 0.002048
0.001034 0.001034 0.001285 0.002048
0.001042 0.001042 0.001291 0.002048
0.001050 0.001050 0.001297 0.002048
0.001058 0.001058 0.001303 0.002048
0.001066 0.001066 0.001309 0.002048
0.001074 0.001074 0.001315 0.002048
0.001082 0.001082 0.001321 0.002048
0.001090 0.001090 0.001327 0.002048
0.001098 0.001098 0.001333 0.002048
0.001106 0.001106 0.001339 0.002048
0.001114 0.001114 0.001345 0.002048
0.001122 0.001122 0.001351 0.002048
0.001130 0.001130 0.001357 0.002048
0.001138 0.001138 0.001363 0.002048
0.001146 0.001146 0.001369 0.002048
0.001154 0.001154 0.001375 0.002048
0.001162 0.001162 0.001381 0.002048
0.001170 0.001170 0.001387 0.002048
0.001178 0.001178 0.001393 0.002048
0.001186 0.001186 0.001399 0.002048
0.001194 0.001194 0.001405 0.002048
0.001202 0.001202 0.001411 0.002048
0.001210 0.001210 0.001417 0.002048
0.001218 0.001218 0.001423 0.002048
0.001226 0.001226 0.001429 0.002048
0.001234 0.001234 0.001435 0.002048
0.001242 0.001242 0.001441 0.002048
0.001250 0.001250 0.001447 0.002048
0.001258 0.001258 0.001453 0.002048
0.001266 0.001266 0.001459 0.002048
0.001274 0.001274 0.001465 0.002048
0.001282 0.001282 0.001471 0.002048
0.001290 0.001290 0.001477 0.002048
0.001298 0.001298 0.001483 0.002048
0.001306 0.001306 0.001489 0.002048
0.001314 0.001314 0.001495 0.002048
0.001322 0.001322 0.001501 0.002048
0.001330 0.001330 0.001507 0.002048
0.001338 0.001338 0.001513 0.002048
0.001346 0.001346 0.001519 0.002048
0.001354 0.001354 0.001525 0.002048
0.001362 0.001362 0.001531 0.002048
0.001370 0.001370 0.001537 0.002048
0.001378 0.001378 0.001543 0.002048
0.001386 0.001386 0.001549 0.002048
0.001394 0.001394 0.001555 0.002048
0.001402 0.001402 0.001561 0.002048
0.001410 0.001410 0.001567 0.002048
0.001418 0.001418 0.001573 0.002048
0.001426 0.001426 0.001579 0.002048
0.001434 0.001434 0.001585 0.002048
0.001441 0.001441 0.001591 0.002048
0.001449 0.001449 0.001597 0.002048
0.001457 0.001457 0.001603 0.002048
0.001465 0.001465 0.001609 0.002048
0.001473 0.001473 0.001615 0.002048
0.001481 0.001481 0.001622 0.002048
0.001489 0.001489 0.001628 0.002048
0.001497 0.001497 0.001634 0.002048
0.001505 0.001505 0.001640 0.002048
0.001513 0.001513 0.001646 0.002048
0.001521 0.001521 0.001652 0.002048
0.001529 0.001529 0.001658 0.002048
0.001537 0.001537 0.001664 0.002048
0.001545 0.001545 0.001670 0.002048
0.001553 0.001553 0.001676 0.002048
0.001561 0.001561 0.001682 0.002048
0.001569 0.001569 0.001688 0.002048
0.001577 0.001577 0.001694 0.002048
0.001585 0.001585 0.001700 0.002048
0.001593 0.001593 0.001706 0.002048
0.001601 0.001601 0.001712 0.002048
0.001609 0.001609 0.001718 0.002048
0.001617 0.001617 0.001724 0.002048
0.001625 0.001625 0.001730 0.002048
0.001633 0.001633 0.001736 0.002048
0.001641 0.001641 0.001742 0.002048
0.001649 0.001649 0.001748 0.002048
0.001657 0.001657 0.001754 0.002048
0.001665 0.001665 0.001760 0.002048
0.001673 0.001673 0.001766 0.002048
0.001681 0.001681 0.001772 0.002048
0.001689 0.001689 0.001778 0.002048
0.001697 0.001697 0.001784 0.002048
0.001705 0.001705 0.001790 0.002048
0.001713 0.001713 0.001796 0.002048
0.001721 0.001721 0.001802 0.002048
0.001729 0.001729 0.001808 0.002048
0.001737 0.001737 0.001814 0.002048
0.001745 0.001745 0.001820 0.002048
0.001753 0.001753 0.001826 0.002048
0.001761 0.001761 0.001832 0.002048
0.001769 0.001769 0.001838 0.002048
0.001777 0.001777 0.001844 0.002048
0.001785 0.001785 0.001850 0.002048
0.001793 0.001793 0.001856 0.002048
0.001801 0.001801 0.001862 0.002048
0.001809 0.001809 0.001868 0.002048
0.001817 0.001817 0.001874 0.002048
0.001825 0.001825 0.001880 0.002048
0.001833 0.001833 0.001886 0.002048
0.001841 0.001841 0.001892 0.002048
0.001849 0.001849 0.001898 0.002048
0.001857 0.001857 0.001904 0.002048
0.001865 0.001865 0.001910 0.002048
0.001873 0.001873 0.001916 0.002048
0.001881 0.001881 0.001922 0.002048
0.001889 0.001889 0.001928 0.002048
0.001897 0.001897 0.001934 0.002048
0.001905 0.001905 0.001940 0.002048
0.001913 0.001913 0.001946 0.002048
0.001921 0.001921 0.001952 0.002048
0.001929 0.001929 0.001958 0.002048
0.001937 0.001937 0.001964 0.002048
0.001945 0.001945 0.001970 0.002048
0.001953 0.001953 0.001976 0.002048
0.001961 0.001961 0.001982 0.002048
0.001969 0.001969 0.001988 0.002048
0.001977 0.001977 0.001994 0.002048
0.001985 0.001985 0.002000 0.002048
0.001993 0.001993 0.002006 0.002048
0.002001 0.002001 0.002012 0.002048
0.002009 0.002009 0.002018 0.002048
0.002016 0.002016 0.002024 0.002048
0.002024 0.002024 0.002030 0.002048
0.002032 0.002032 0.002036 0.002048
0.002040 0.002040 0.002042 0.002048
0.002048 0.002048 0.002048 0.002048
