0.053756
0.688576
0.000000
0.000000
0.000000
0.131678
0.000000
0.000000
0.000000
0.000000
0.062333
0.000000
0.000000
0.000000
0.000000
0.022169
0.000000
0.000000
0.000000
0.000000
0.013547
0.000000
0.000000
0.000000
0.000000
0.008036
0.000000
0.000000
0.000000
0.000000
0.004892
0.000000
0.000000
0.000000
0.000000
0.002861
0.000000
0.000000
0.000000
0.000000
0.001947
0.000000
0.000000
0.000000
0.000000
0.001108
0.000000
0.000000
0.000000
0.000000
0.000000
0.000769
0.000000
0.000000
0.000000
0.000000
0.000572
0.000000
0.000000
0.000000
0.000000
0.000428
0.000000
0.000000
0.000000
0.000000
0.000301
0.000000
0.000000
0.000000
0.000000
0.000247
0.000000
0.000000
0.000000
0.000000
0.000164
0.000000
0.000000
0.000000
0.000000
0.000156
0.000000
0.000000
0.000000
0.000000
0.000141
0.000000
0.000000
0.000000
0.000000
0.000119
0.000000
0.000000
0.000000
0.000000
0.000111
0.000000
0.000000
0.000000
0.000000
0.000000
0.000091
0.000000
0.000000
0.000000
0.000000
0.000092
0.000000
0.000000
0.000000
0.000000
0.000092
0.000000
0.000000
0.000000
0.000000
0.000094
0.000000
0.000000
0.000000
0.000000
0.000085
0.000000
0.000000
0.000000
0.000000
0.000071
0.000000
0.000000
0.000000
0.000000
0.000078
0.000000
0.000000
0.000000
0.000000
0.000078
0.000000
0.000000
0.000000
0.000000
0.000056
0.000000
0.000000
0.000000
0.000000
0.000072
0.000000
0.000000
0.000000
0.000000
0.000000
0.000063
0.000000
0.000000
0.000000
0.000000
0.000067
0.000000
0.000000
0.000000
0.000000
0.000056
0.000000
0.000000
0.000000
0.000000
0.000060
0.000000
0.000000
0.000000
0.000000
0.000057
0.000000
0.000000
0.000000
0.000000
0.000053
0.000000
0.000000
0.000000
0.000000
0.000051
0.000000
0.000000
0.000000
0.000000
0.000051
0.000000
0.000000
0.000000
0.000000
0.000058
0.000000
0.000000
0.000000
0.000000
0.000069
0.000000
0.000000
0.000000
0.000000
0.000000
0.000051
0.000000
0.000000
0.000000
0.000000
0.000055
0.000000
0.000000
0.000000
0.000000
0.000062
0.000000
0.000000
0.000000
0.000000
0.000065
0.000000
0.000000
0.000000
0.000000
0.000072
0.000000
0.000000
0.000000
0.000000
0.000119
0.000000
0.000000
0.000000
0.000000
0.000126
0.000000
0.000000
0.000000
0.000000
0.000167
0.000000
0.000000
0.000000
0.000000
0.000229
0.000000
0.000000
0.000000
0.000000
0.000397
0.000000
0.000000
0.000000
0.000000
0.000000
0.003356
