0.000000
0.176583
0.000000
0.000000
0.000000
0.016248
0.000000
0.000000
0.000000
0.000000
0.008301
0.000000
0.000000
0.000000
0.000000
0.005035
0.000000
0.000000
0.000000
0.000000
0.003639
0.000000
0.000000
0.000000
0.000000
0.002985
0.000000
0.000000
0.000000
0.000000
0.002651
0.000000
0.000000
0.000000
0.000000
0.002535
0.000000
0.000000
0.000000
0.000000
0.002316
0.000001
0.000001
0.000001
0.000001
0.002253
0.000001
0.000001
0.000001
0.000000
0.000001
0.002142
0.000001
0.000001
0.000001
0.000001
0.002216
0.000001
0.000002
0.000002
0.000002
0.002278
0.000002
0.000001
0.000001
0.000001
0.002345
0.000001
0.000003
0.000001
0.000002
0.002608
0.000000
0.000001
0.000001
0.000001
0.002674
0.000003
0.000002
0.000006
0.000011
0.002852
0.000045
0.000081
0.000124
0.000257
0.003183
0.000803
0.001272
0.002001
0.001890
0.006383
0.004943
0.005890
0.006574
0.006390
0.008097
0.004701
0.002436
0.002640
0.001696
0.001019
0.002661
0.000263
0.000137
0.000051
0.000018
0.002052
0.000008
0.000000
0.000001
0.000001
0.002026
0.000001
0.000000
0.000001
0.000001
0.001987
0.000000
0.000000
0.000000
0.000000
0.001883
0.000000
0.000000
0.000000
0.000000
0.001784
0.000000
0.000000
0.000000
0.000000
0.001667
0.000000
0.000000
0.000000
0.000000
0.001517
0.000000
0.000000
0.000000
0.000000
0.001587
0.000000
0.000000
0.000000
0.000000
0.001581
0.000000
0.000000
0.000000
0.000000
0.000000
0.001559
0.000000
0.000000
0.000000
0.000000
0.001566
0.000000
0.000000
0.000000
0.000000
0.001643
0.000000
0.000000
0.000000
0.000000
0.001616
0.000000
0.000000
0.000000
0.000000
0.001752
0.000000
0.000000
0.000000
0.000000
0.001802
0.000000
0.000000
0.000000
0.000000
0.001909
0.000000
0.000000
0.000000
0.000000
0.002021
0.000000
0.000000
0.000000
0.000000
0.002222
0.000000
0.000000
0.000000
0.000000
0.002363
0.000000
0.000000
0.000000
0.000000
0.000000
0.002577
0.000000
0.000000
0.000000
0.000000
0.003083
0.000000
0.000000
0.000000
0.000000
0.003697
0.000000
0.000000
0.000000
0.000000
0.004472
0.000000
0.000000
0.000000
0.000000
0.005844
0.000000
0.000000
0.000000
0.000000
0.007353
0.000000
0.000000
0.000000
0.000000
0.009458
0.000000
0.000000
0.000000
0.000000
0.015025
0.000000
0.000000
0.000000
0.000000
0.051427
0.000000
0.000000
0.000000
0.000000
0.105565
0.000000
0.000000
0.000000
0.000000
0.000000
0.453676
