0.053756
0.744648
0.000000
0.000000
0.000000
0.023304
0.000000
0.000000
0.000000
0.000000
0.012081
0.000000
0.000000
0.000000
0.000000
0.008426
0.000000
0.000000
0.000000
0.000000
0.006033
0.000000
0.000000
0.000000
0.000000
0.004663
0.000000
0.000000
0.000000
0.000000
0.003622
0.000000
0.000000
0.000000
0.000000
0.002910
0.000000
0.000000
0.000000
0.000000
0.002549
0.000000
0.000000
0.000000
0.000000
0.002500
0.000000
0.000000
0.000000
0.000000
0.000000
0.002208
0.000000
0.000000
0.000000
0.000000
0.002112
0.000000
0.000000
0.000000
0.000000
0.001971
0.000000
0.000000
0.000000
0.000000
0.001885
0.000000
0.000000
0.000000
0.000000
0.001806
0.000000
0.000000
0.000000
0.000000
0.001779
0.000000
0.000000
0.000000
0.000000
0.001731
0.000000
0.000000
0.000000
0.000000
0.001867
0.000000
0.000000
0.000000
0.000000
0.001726
0.000000
0.000000
0.000000
0.000000
0.001803
0.000000
0.000000
0.000000
0.000000
0.000000
0.001826
0.000000
0.000000
0.000000
0.000000
0.001819
0.000000
0.000000
0.000000
0.000000
0.001950
0.000000
0.000000
0.000000
0.000000
0.002074
0.000000
0.000000
0.000000
0.000000
0.002136
0.000000
0.000000
0.000000
0.000000
0.002344
0.000000
0.000000
0.000000
0.000000
0.002502
0.000000
0.000000
0.000000
0.000000
0.002597
0.000000
0.000000
0.000000
0.000000
0.002565
0.000000
0.000000
0.000000
0.000000
0.002599
0.000000
0.000000
0.000000
0.000000
0.000000
0.002729
0.000000
0.000000
0.000000
0.000000
0.002776
0.000000
0.000000
0.000000
0.000000
0.002683
0.000000
0.000000
0.000000
0.000000
0.002553
0.000000
0.000000
0.000000
0.000000
0.002489
0.000000
0.000000
0.000000
0.000000
0.002469
0.000000
0.000000
0.000000
0.000000
0.002381
0.000000
0.000000
0.000000
0.000000
0.002365
0.000000
0.000000
0.000000
0.000000
0.002410
0.000000
0.000000
0.000000
0.000000
0.002594
0.000000
0.000000
0.000000
0.000000
0.000000
0.002854
0.000000
0.000000
0.000000
0.000000
0.003098
0.000000
0.000000
0.000000
0.000000
0.003712
0.000000
0.000000
0.000000
0.000000
0.004389
0.000000
0.000000
0.000000
0.000000
0.004962
0.000000
0.000000
0.000000
0.000000
0.005686
0.000000
0.000000
0.000000
0.000000
0.005748
0.000000
0.000000
0.000000
0.000000
0.006107
0.000000
0.000000
0.000000
0.000000
0.007056
0.000000
0.000000
0.000000
0.000000
0.009635
0.000000
0.000000
0.000000
0.000000
0.000000
0.015511
