0.053756
0.659681
0.000000
0.000000
0.000000
0.039456
0.000000
0.000000
0.000000
0.000000
0.021627
0.000000
0.000000
0.000000
0.000000
0.015885
0.000000
0.000000
0.000000
0.000000
0.013947
0.000000
0.000000
0.000000
0.000000
0.013066
0.000000
0.000000
0.000000
0.000000
0.010827
0.000000
0.000000
0.000000
0.000000
0.008083
0.000000
0.000000
0.000000
0.000000
0.005751
0.000000
0.000000
0.000000
0.000000
0.003985
0.000000
0.000000
0.000000
0.000000
0.000000
0.002813
0.000000
0.000000
0.000000
0.000000
0.001989
0.000000
0.000000
0.000000
0.000000
0.001567
0.000000
0.000000
0.000000
0.000000
0.001349
0.000000
0.000000
0.000000
0.000000
0.001324
0.000000
0.000000
0.000000
0.000000
0.001265
0.000000
0.000000
0.000000
0.000000
0.001134
0.000000
0.000000
0.000000
0.000000
0.001160
0.000000
0.000000
0.000000
0.000000
0.001148
0.000000
0.000000
0.000000
0.000000
0.001083
0.000000
0.000000
0.000000
0.000000
0.000000
0.001065
0.000000
0.000000
0.000000
0.000000
0.001083
0.000000
0.000000
0.000000
0.000000
0.001035
0.000000
0.000000
0.000000
0.000000
0.001069
0.000000
0.000000
0.000000
0.000000
0.001079
0.000000
0.000000
0.000000
0.000000
0.000982
0.000000
0.000000
0.000000
0.000000
0.001025
0.000000
0.000000
0.000000
0.000000
0.000962
0.000000
0.000000
0.000000
0.000000
0.000903
0.000000
0.000000
0.000000
0.000000
0.000828
0.000000
0.000000
0.000000
0.000000
0.000000
0.000776
0.000000
0.000000
0.000000
0.000000
0.000748
0.000000
0.000000
0.000000
0.000000
0.000651
0.000000
0.000000
0.000000
0.000000
0.000662
0.000000
0.000000
0.000000
0.000000
0.000679
0.000000
0.000000
0.000000
0.000000
0.000645
0.000000
0.000000
0.000000
0.000000
0.000698
0.000000
0.000000
0.000000
0.000000
0.000735
0.000000
0.000000
0.000000
0.000000
0.000778
0.000000
0.000000
0.000000
0.000000
0.000836
0.000000
0.000000
0.000000
0.000000
0.000000
0.000915
0.000000
0.000000
0.000000
0.000000
0.000910
0.000000
0.000000
0.000000
0.000000
0.000919
0.000000
0.000000
0.000000
0.000000
0.001009
0.000000
0.000000
0.000000
0.000000
0.001139
0.000000
0.000000
0.000000
0.000000
0.001278
0.000000
0.000000
0.000000
0.000000
0.001612
0.000000
0.000000
0.000000
0.000000
0.002017
0.000000
0.000000
0.000000
0.000000
0.002876
0.000000
0.000000
0.000000
0.000000
0.004929
0.000000
0.000000
0.000000
0.000000
0.000000
0.104259
